60 60
33670 21615 64984 22463 59163 8429 46283 53769 53513 29516 32684 52577 47541 7285 4018 41773 54110 35290 19353 55268 12459 54070 39287 11026 64276 50382 4776 44925 13997 64274 27075 55705 38363 3672 17677 5162 57102 23344 35999 58117 9377 627 14850 936 32227 46863 40185 9417 62492 5193 6494 44770 4051 28913 36949 9253 64457 60480 55434 42618 
61090 15892 60978 48752 38399 7032 64301 42953 54381 42867 27824 6584 62001 40516 62945 8489 41544 28703 49691 29385 329 1911 22684 1910 51194 37323 31362 40227 45436 14191 32805 35810 47061 45801 10897 53770 46068 10320 35009 14745 57008 34149 30439 50661 24047 53186 21996 131 22437 34738 55582 44560 13118 39330 1575 3259 40607 15881 46249 15851 
323 61614 26961 25841 42141 17197 18017 2766 51102 13727 30636 45724 54396 11218 62611 39870 30570 19718 32157 41394 40603 40950 54812 24220 20276 27519 54934 56620 3776 13368 29372 63786 23651 51938 63528 64571 20851 31680 18165 50506 28311 23818 20197 61504 17204 24825 62575 40983 41044 10962 55181 12096 49982 20623 34140 41053 18083 14625 14237 62253 
19930 12482 44619 37659 15314 59164 58619 15455 49500 45677 41672 15019 20529 32499 40239 672 50759 11603 1083 49970 32348 21356 49322 2962 7353 51390 4298 43244 30518 59594 39424 65391 7884 54490 60720 25364 16986 52965 17995 34058 39030 8838 20785 2620 62290 56525 56944 60825 2302 8259 23167 25020 14807 40925 2840 58150 29359 19663 53535 35913 
18961 20931 17747 9661 464 17536 51543 63785 55005 33616 48622 34180 27683 62590 10590 435 59870 39920 37586 32130 1965 61682 26687 54322 33569 8466 48632 29101 30953 26461 59123 5558 48262 2 29523 58363 16263 19460 48904 59108 30648 33593 44685 24524 23314 51646 12346 4822 37147 15386 36956 32623 62723 30635 60330 63029 26245 39187 28245 15497 
49162 2924 58811 56581 12570 31557 14645 37211 50727 57923 26517 5428 20968 58157 42791 35237 9725 22390 45908 33423 19867 42469 63624 46344 16454 28801 28612 30198 13308 33258 30937 16981 41120 43662 52807 14435 10993 41650 5513 57897 61189 64939 55391 8310 52420 59263 44527 58483 50080 41604 48159 44489 47408 2698 43061 9352 16221 62981 38356 9239 
47324 43061 13676 46427 7082 35572 12999 48857 35129 47792 46614 51369 364 3375 54570 63961 15582 62673 11959 27478 525 8746 12040 8396 43623 59823 47797 22001 28935 21347 37992 54327 61259 17296 29494 26724 42289 43543 27539 35962 42592 30328 10370 7479 12171 57275 48599 38201 31996 52005 34735 25973 48665 281 55920 16294 957 57829 33417 50633 
28599 30215 22904 55985 58377 50854 55648 39065 15271 49445 10054 38631 46827 22338 30698 60296 49809 5424 27855 62077 38327 48272 58686 1681 61148 14077 51331 16677 18097 47330 46451 42557 1529 37901 43854 50080 16301 45085 54618 17873 32358 55896 19122 50775 46052 20479 9123 57692 45481 40036 64500 40445 57396 24717 1225 31172 9004 51736 28569 65347 
4008 36054 17791 23783 58268 21536 22863 6963 16439 61202 8735 51248 48371 45866 8888 20491 432 26028 19219 15959 48095 3649 33940 20147 42292 2509 42652 3231 25670 36893 29239 47456 48393 47894 57760 14028 35813 45743 28289 54597 16167 56073 45328 18772 42866 40021 47513 36240 29890 32446 16915 62434 64152 56946 42995 31952 37578 52447 16258 22832 
61348 157 19259 8159 54995 5728 21544 59103 45268 47067 30984 16354 35972 20396 8948 45818 40547 48085 16836 43420 31314 12670 51774 7483 56750 54234 2497 25225 8318 25164 23314 22027 51422 58132 60821 9018 19628 13921 27925 37373 10419 41338 31123 51387 46648 56708 16462 2752 17775 5072 31364 39659 35779 56859 9450 17308 54767 32786 59673 59796 
29653 45212 64167 48464 43313 29467 2091 60134 57171 36038 14617 20955 46456 24203 6843 15843 3895 17075 43484 18932 53540 30404 51990 27965 10924 44711 51814 29390 53871 7792 6520 31674 19155 12941 48754 18365 14737 26854 8236 44816 53287 44701 24121 6765 62148 7635 38193 13547 22524 54451 58362 42500 56050 8754 58638 17910 12026 20419 5631 48604 
41742 5376 30014 6211 45412 58280 2407 45801 39063 57208 42590 13018 6659 25227 60622 14534 64536 51227 38835 16016 52565 56950 44004 47894 26235 49696 49150 57905 30617 2563 25892 62532 37009 53906 40126 29019 13146 16591 57649 9146 38517 21637 56022 12404 31602 46806 32065 16851 26490 13846 9608 28235 63299 14370 43776 8224 16823 38888 43867 28412 
724 1893 53485 36328 23966 15519 27504 56330 23045 15144 28680 18043 53230 52813 42688 41496 25373 10665 62133 27762 31632 54139 21500 18868 50097 45830 57382 58745 55269 11102 61713 10297 30451 34872 2420 47613 40380 27652 15613 40889 14998 13415 19521 51920 52648 41675 50085 4839 7398 42050 36810 43870 60343 7998 52508 10594 4534 8814 30634 33309 
58221 1035 61420 57772 45586 13101 58413 28514 62959 63640 19863 51901 32707 48453 55913 15552 25675 25834 22462 24842 52356 19372 29380 32917 18862 11198 39719 63123 58278 4696 62266 31718 36837 43965 10086 61812 41215 42139 63535 31862 40541 55587 40623 21615 33678 16485 46560 52814 40220 11625 34514 47213 23549 15253 33337 38410 24640 23067 16099 33093 
5457 14649 32246 4343 33170 57236 23869 12343 62730 3431 9176 38873 4766 33545 41086 5106 50681 33026 21683 24321 53338 57003 54935 59090 31406 17124 38827 8864 52402 64459 43511 8960 23786 46047 13820 34787 20854 13293 30064 62382 3834 36518 4431 20719 22255 19250 23673 28887 4661 27392 14231 20103 22898 45338 40244 48898 56154 21204 65262 51883 
61566 22211 33807 1626 60497 56949 25663 44277 44913 35988 727 63700 39230 51930 61291 60937 43874 11489 3175 50614 42135 7328 53544 50823 10148 52543 40626 2220 4539 53277 26892 57616 756 17377 16686 2068 44483 61083 61002 65413 2110 16490 37591 57058 7325 42425 27942 39449 38075 32630 59281 48046 44094 5185 24428 45175 57483 3739 14839 6133 
40061 56383 17527 31166 21586 44828 32958 53560 5396 51077 63808 56363 26845 19757 55364 63849 8912 32356 19456 16507 61782 56374 23138 40721 37608 58359 56978 26099 43753 59971 6211 63470 47445 41563 28277 42408 53870 53728 12109 40007 55175 20061 16481 64904 26480 28279 52088 47815 56504 35364 16377 43768 45483 16183 60873 41773 23486 31593 42458 34666 
24765 36094 23623 45315 42215 33836 27380 63303 44029 64919 4606 24343 37454 2523 21362 17778 34599 57444 6709 7277 52367 41981 53181 21538 53700 5505 62077 20862 20248 48371 60575 22201 54486 22324 51334 44585 5178 52377 60779 24498 29301 41713 59851 59838 20425 56174 43287 45102 26949 27898 31491 50913 27977 29492 46133 6628 18457 35741 45381 27336 
7180 15734 30813 17170 62726 4974 52015 65350 28105 37677 17761 18601 27112 48991 18849 7228 28765 10962 18263 51806 7664 44135 47132 8599 7720 18404 25047 61701 25812 59116 55948 5156 23771 13220 44250 57487 56271 46057 14500 47568 35397 47702 37443 47067 23488 42381 41456 33077 63655 41725 45788 28747 4227 8854 63925 40948 56860 28695 1446 26486 
50874 38834 50869 26486 52673 25822 36353 3913 63838 59308 3655 30478 57834 23746 3863 18678 53564 15997 63888 22351 45159 18415 37207 56557 35097 32201 19513 33731 56316 5556 42173 49382 16211 3564 42326 52 8552 37926 40797 15734 13740 49110 45079 45065 9246 30503 9319 16085 14192 40093 45564 12933 58614 34341 14271 44233 32474 61265 45112 47877 
25879 40241 27194 60729 10440 32369 9896 44586 30626 36849 63466 7372 43353 42422 43895 11751 37607 39437 42784 40652 4380 43693 52788 17251 36134 62775 4111 64469 7713 4858 582 55847 3067 37455 64378 33539 20056 17499 34440 25186 23316 39103 27037 9356 13855 20822 30825 52627 40881 14207 37117 42946 59443 64482 29660 33387 46558 14868 44991 42809 
38439 7748 9229 37620 19385 24298 34038 48139 62153 56293 5682 13718 31099 60299 52811 3864 35667 29443 6451 29471 53355 16802 55477 49802 46491 12836 64704 38877 55141 40821 5676 2595 56298 20704 33565 23050 38408 43241 39259 14908 2532 6852 54299 31968 13834 20785 51939 60854 55418 39916 662 44832 37283 1884 50046 31221 44537 54278 18266 11669 
27964 51611 55835 57069 62952 3630 28880 37150 5464 11634 55827 42552 15392 2592 52005 223 46717 28801 33227 17198 51784 28723 3755 15755 39371 64730 4708 64490 7505 53759 15809 8408 40280 34006 57544 38615 6497 58920 2139 19472 36529 5637 60412 61338 6139 61893 38007 18938 41975 20722 38613 12239 61140 55363 14762 39255 27965 26993 49484 25224 
6820 12035 26346 57578 18382 36768 6566 36570 54630 65451 35697 55148 18526 20969 39400 58098 2238 25511 35571 31370 30318 45413 51610 39055 42845 44561 12604 11134 50779 33606 12760 5328 30766 43582 48393 54755 12019 50060 51080 38797 62550 41396 51997 40749 19097 61884 34988 46855 32517 1020 34318 28550 24872 44430 36653 38806 35515 43286 1661 59216 
27319 52616 57242 62525 58837 39597 53786 8421 15685 23539 5008 20470 11475 62499 16720 33895 46208 40810 54910 62137 35809 10296 38810 37182 6033 41299 57530 51564 59990 16606 39171 55213 5940 57758 2750 43526 25022 62619 7004 52793 29450 24079 24789 24914 58635 30417 26485 52113 50581 27739 33159 26356 59552 56478 57705 14058 6755 43064 48244 50788 
43962 8077 35764 37336 38990 8606 5269 64795 58401 306 33937 6654 52501 6701 52160 11017 7624 35497 13750 64198 6836 59354 42230 11392 48814 20130 26063 57908 10966 48238 56563 28176 12815 42040 5434 13769 47971 24377 664 59761 47467 1158 41140 21023 58140 49697 62981 47819 10475 36825 65025 28181 58182 6590 22791 42790 15171 12717 37479 42883 
37465 13714 39382 45171 20320 232 1520 1734 15435 53013 9140 42948 8680 15087 23869 10706 19479 30710 20418 43183 26806 60548 6292 22493 5071 59953 40238 38523 27495 29541 46045 47164 64667 58849 22683 60288 14376 12280 52047 42396 44744 5794 8644 2828 32392 21968 7080 12889 15934 25761 42699 22572 10277 12209 4090 53908 25883 2744 38484 5131 
37941 18241 30696 51232 37332 19712 31970 6036 11601 39037 7314 64525 21575 2189 7305 65399 34420 24731 49234 46210 21885 35527 42671 30567 59808 4427 31477 34784 5149 47576 44294 57700 8 12758 27323 4738 59356 37527 16292 25228 6627 12150 33072 25622 18373 50676 55102 10310 59736 38818 16501 5195 18285 46813 45281 45141 36160 24478 38690 41918 
57762 54195 4362 36904 22037 20085 53742 48860 2467 41068 36642 34121 12428 10963 43163 42646 14403 17183 30274 17328 64273 25315 62694 58970 38777 47374 55175 17150 9023 53186 15459 22040 61602 48629 27774 13117 37835 13454 47071 34619 41390 30196 32417 33097 9924 28090 51044 55247 23818 7916 38761 12568 59465 46055 32911 61313 31596 39795 7783 39917 
28104 43092 52602 60723 5607 62478 24136 55429 35533 59066 51087 11675 15280 15624 58827 40771 58012 35007 51130 55964 33298 35570 62416 9964 61412 35323 58337 64110 32932 31145 4203 47618 24708 41758 47285 1504 19556 6946 62537 48851 20405 39840 100 21288 52612 59256 58814 53495 58428 28288 61904 55225 1330 32361 13546 56745 34314 47159 3928 1911 
55345 47820 36969 1073 65497 4503 59154 12253 56364 58816 60291 38326 15540 63484 22861 10473 61026 61293 28537 62322 26191 24827 61018 14758 16160 56220 58064 39985 48960 27537 37793 18955 30768 208 11542 22268 63819 57543 18641 45611 14804 45716 65307 15401 58100 55017 15412 63641 23149 39951 60843 6889 43779 52892 5662 31685 3728 27799 32032 52230 
20602 54953 50148 16659 51372 42452 53294 40271 48239 28422 60595 8832 6437 2286 14295 63065 30692 5375 40006 23065 13109 6986 49324 32405 9349 20392 55398 3196 319 34769 59999 49511 19246 40460 11386 19558 63508 25363 8266 13787 53059 22024 63404 39221 30702 12802 40754 50322 51664 53716 23236 22010 34283 2968 39605 60165 50935 4513 41873 46990 
52190 32206 56570 21872 42238 40213 17790 21147 44060 29088 40871 45257 40371 9537 27969 23748 50784 42031 7410 18981 8419 49588 55881 12748 29315 52534 17 30921 16489 57097 31451 59082 5728 58518 33945 62787 5621 3039 52039 30371 57623 20469 49624 32493 26314 45036 39363 8928 8625 58230 13873 19399 36785 15460 38225 39106 63200 22417 45431 47866 
13428 63974 413 32347 9277 51609 14986 42645 27911 9523 38401 30913 42670 17818 42704 28774 27514 43387 34578 36966 35239 1470 28512 36461 36684 57023 29079 45615 10194 28778 63581 43494 19228 53487 31544 32126 47957 51474 12175 1820 2848 58409 15708 38140 36385 13265 58934 59989 12570 897 7323 45362 1083 678 53700 62117 61342 22940 27942 37418 
62463 33221 41907 2952 10080 33056 36872 7147 44183 51213 10324 23359 37249 17645 41844 63983 40211 29096 59343 5524 35897 21290 51462 45188 36263 62456 13124 52718 1043 50028 59891 16122 14608 51148 11731 12303 29716 54862 62031 45752 65380 13810 62953 63341 5820 41348 30773 34741 37153 53797 11490 30978 34157 56849 54819 63412 14203 2096 12679 10080 
47736 18674 43363 58355 8232 63865 47180 60929 49612 46454 23772 28023 56017 49595 30022 21659 45568 25195 28212 38376 64630 56167 477 62076 38266 23448 21789 34478 16056 15430 12678 58300 11886 16106 35974 11006 25651 15807 53197 10681 55341 22431 20066 23864 9911 16664 10847 15300 27387 62831 20352 32894 9939 6596 61048 23529 51407 62448 37333 42059 
60071 4298 2615 28116 51004 27828 33713 51824 43887 41254 10161 24717 45207 1970 42405 64249 37217 42323 22610 4300 30314 13899 27315 42145 58607 45066 17110 64802 25876 13785 45266 39686 15511 56781 21376 46200 27673 50182 60287 60655 44654 56592 44432 58545 57094 7517 19294 53773 63676 7390 40563 5671 48155 57689 17109 30729 27457 57992 12107 11125 
57796 40491 310 46359 8210 17967 41805 51473 13955 1794 30898 27292 54309 64708 5213 4547 28940 9028 8230 27700 43602 65213 3769 44295 29241 48789 13077 52959 30293 2732 62429 32981 52317 55083 31861 11451 62915 29798 62278 18873 54647 20587 12672 4039 60141 12937 14050 17331 22391 61378 24126 64180 18421 22653 37000 41147 43654 28300 4208 33756 
39111 55848 27075 53993 14522 38184 57129 60153 65271 25178 58798 62847 62524 27706 57951 11 42620 19151 63503 53627 57444 51138 63103 59051 63027 34039 19484 27669 56962 17669 51302 15367 8004 32547 42127 18461 46913 17536 49820 41783 29745 38064 41637 166 55572 16904 35516 4190 1253 49491 57375 11879 6481 17696 40467 38076 4230 53906 10801 13394 
6371 42176 62569 19871 17567 41667 6244 48158 17426 3490 59799 62570 52170 44361 39476 63808 22518 22199 21279 17838 45897 48253 47517 64866 31195 57301 44386 23951 39739 28455 60532 59526 1641 37065 58260 61767 48874 25227 9825 30262 27378 942 10826 37249 27670 64244 26896 40180 8888 51458 1077 40234 26638 15270 24482 11947 2024 58089 37783 63416 
29970 22583 54824 19868 8936 65325 53480 59965 39948 51046 55233 50755 10347 4572 7574 48047 64578 28875 2321 52042 54534 21271 26318 57061 25401 65161 40028 6819 28152 32969 13845 7734 20574 1217 19818 34153 39555 51295 5589 1068 19855 46088 51073 44723 64300 49415 27637 25496 28223 5571 14436 56858 29612 54329 19901 656 56090 34103 34117 55316 
25447 45490 30808 35759 32163 41537 15518 35055 9940 14797 13709 4061 62198 45890 51455 63660 9329 64450 49064 33633 10468 62291 42494 5582 55658 16740 35832 8094 58967 63274 24118 56253 39477 8048 24305 38697 51317 60761 1726 15174 21186 61215 52717 23977 57757 25498 17579 49786 5847 14526 33981 64926 23140 48037 60958 16715 29591 8091 16168 62920 
53784 24729 39098 62884 1279 9561 65098 55022 3567 47570 35199 15598 11144 16026 55758 35703 36293 49834 3876 54800 59056 40415 7777 15786 1889 10335 62105 36343 49623 35027 244 18315 90 46392 49795 9122 34481 36399 13903 53604 50005 52881 24336 54288 10521 48268 28973 47302 3661 33031 63814 31237 26155 9483 54285 55851 61490 19792 1348 28714 
32324 22635 12494 24826 32560 4077 34474 63599 37414 35153 5097 64917 3129 21341 27718 16347 61502 55805 43385 24616 7416 41248 64007 36984 46857 62048 32070 53005 15067 39676 58866 37292 29471 63293 42656 17729 51067 26427 32753 19888 4477 493 12294 6210 62310 4610 36374 44937 3928 7629 65067 31121 18801 34601 55424 93 5353 30912 54086 45008 
17472 40964 25986 54156 63059 10963 21609 47653 34097 26428 5671 18350 27109 28672 20848 983 57764 26632 62313 48128 11502 56891 35641 7985 55727 28188 60936 6888 30265 38168 43705 23898 15562 54147 247 6640 30296 44861 37004 4603 21724 23059 13794 39633 65507 29636 51416 14074 38529 13782 39426 50526 18418 4587 17161 17082 41982 56010 4552 34299 
42373 48201 51934 29697 64961 63704 63902 43037 13009 6670 56815 3521 63894 23501 24103 7435 56199 29195 52375 1990 36835 25116 48853 51985 50242 26497 16873 9246 24014 18142 25011 49058 15677 58273 6073 54318 60421 12574 16516 40065 57680 42744 31045 24248 19202 37640 2432 59889 33880 20627 47353 17327 23307 20441 28925 41047 61532 30086 4710 16564 
31190 2591 9832 51732 49570 18130 16232 8089 65359 13828 23500 49818 7594 46538 3167 36218 51772 2444 35753 39780 61000 51174 27832 51236 22258 56404 54403 65255 55054 8767 43825 27043 18258 26129 18128 8262 58284 25288 53163 48236 10517 55644 14254 61383 36085 61995 49599 44435 52990 56332 5402 19174 58494 18731 55451 56007 40536 65354 35942 58564 
279 20866 12989 52199 4794 6025 42053 8347 4126 15596 28510 60010 52182 58302 55493 29081 40817 40114 49713 54250 4236 64704 19939 15764 34594 18106 37428 1079 6873 46664 45175 52603 60156 8727 53959 33306 57716 38949 39990 36184 20539 6616 1336 16506 1541 5040 7843 1637 19290 46798 7805 373 47042 12105 28501 30544 37045 41471 44857 46590 
55612 27579 43739 384 39581 5206 61750 47373 44903 64753 42232 56908 1386 52122 25285 27106 19272 13282 18366 60504 60848 39799 5754 34782 15578 58525 63761 6016 17205 45855 25780 57852 62110 42527 19264 7353 37669 6102 3252 28545 9348 11105 5896 7185 9725 56 60465 15021 63507 6444 29507 31812 60949 45064 13263 17496 29609 30185 45723 58607 
24874 25417 51035 11307 32450 706 31549 63598 4896 25628 51200 40772 6189 50779 42792 41825 36977 21934 42145 5947 50992 5481 39171 43968 46670 62227 47184 47608 42885 39750 11165 22271 17747 5082 11910 3416 17682 14372 12441 35385 62400 25910 4004 31886 40833 1494 22140 34604 2435 34244 50716 11712 46558 59716 18889 52575 61641 59802 20931 46998 
32253 48226 6722 28745 56981 23502 35113 45023 61300 9600 3232 30407 9589 64983 50826 26749 29402 6401 26734 45281 32599 60340 38463 18312 13495 48880 24552 16065 38426 64661 61959 41260 35314 61950 17271 14691 44943 52046 49322 52097 32735 14009 49194 25892 45587 45800 50892 2300 3649 17182 40409 5254 41368 37687 62124 22436 59691 21075 984 65433 
6449 23046 1686 12476 24060 26256 61532 18750 23275 62520 15151 49187 55866 52655 51693 37885 32713 49949 20741 39735 26548 43735 31965 59910 53387 9568 10778 12308 63481 57958 51979 42246 25703 53556 23548 25710 28210 7106 859 49881 58374 57249 52669 4725 3449 34717 27455 9049 38086 34068 24825 46196 63688 47676 54782 53257 25934 51236 48992 63682 
53109 42333 44291 2651 48453 12940 30962 60778 46902 28125 9403 18232 60817 48405 59894 31178 13879 62496 59358 9475 36331 50018 16016 30871 22643 33531 9306 1848 55697 48860 31269 31987 22478 37782 28558 58576 4138 1110 22782 17537 25441 11936 37297 39335 64038 11977 37162 9384 7375 10405 28889 35287 46503 53181 2843 49175 56252 63033 9359 55471 
59492 37634 45877 25223 28649 23650 39073 25029 29800 23790 17858 60928 3004 36587 29722 20225 28434 54797 39342 62028 50113 59994 13544 43691 32162 10452 9374 58594 64270 24742 56167 52134 37291 27841 55881 13552 44476 64109 27498 35829 44210 44145 52125 427 1313 13779 4601 11010 41774 52989 63185 7041 9016 34610 47880 30638 51184 14603 46451 23097 
40200 39708 37254 21157 24035 45611 9616 63810 58268 55146 37787 1630 29496 61208 31265 58175 55646 50731 17530 40857 14963 63250 8049 43211 28872 41393 53069 24558 59258 27440 39000 30916 52427 56474 22464 45987 52728 62006 39689 61559 6966 4148 14904 11529 48936 33613 59049 51510 15105 50361 8708 9460 8977 56678 45611 51691 24581 47077 19009 48112 
32039 24810 15184 5956 53234 2323 21594 57843 17714 13702 36150 50367 55697 34681 24978 11581 33448 17034 47176 13385 13772 31281 27492 403 7037 42995 13963 38382 59734 13296 24786 10658 61268 41330 50682 12247 4888 34286 1580 12050 48794 51804 17336 1347 32179 30711 39520 49663 3525 12625 14636 53126 2865 51904 56565 13063 53464 37046 23983 16798 
53036 47591 23342 62272 57175 15539 34235 25800 25006 41546 10587 55859 53942 3779 226 3015 2551 14746 16788 52761 20845 14702 5893 26644 52671 46935 57265 61773 64628 58060 20593 52581 46145 49038 13274 5824 39027 23663 61029 10284 52963 45886 28941 24827 42139 27352 12890 20341 16188 56432 40106 63582 17246 58517 6482 60903 60484 38601 17840 51923 
15243 57176 28136 21632 15824 8252 9248 3991 28008 39234 238 28399 10319 19076 64892 22603 19203 42732 26224 26129 11356 32442 40679 47099 33405 37642 55398 28830 1970 28341 53370 15926 65187 54378 57487 2387 49352 23912 5726 27647 26272 7239 260 16316 18439 3557 30065 13312 12607 55591 17125 7866 27271 25436 37254 6593 52838 14126 49901 55328 
9564 9078 12834 3810 24544 29999 51844 42610 4109 46577 55595 39354 1466 30459 18387 54171 13601 2044 20104 51876 65256 20782 54206 65143 368 34142 33818 33324 61441 21115 18498 42243 7465 58535 50142 6682 61216 35890 25322 42665 16146 16117 19232 19713 47688 29430 50580 32750 50426 20078 5090 19359 54226 50656 25211 39702 39056 25787 39724 7891 
20793 22526 43459 63882 15491 63382 45186 21351 6918 47888 34256 7952 12337 529 13703 8401 45742 40334 20668 52015 57106 56740 1530 5096 19026 40578 9502 61059 16733 8364 4473 64934 47692 8344 12877 38984 44684 41203 42744 54663 33747 49517 12700 65088 41093 59870 24681 30245 33465 9663 33413 50790 13300 58776 7221 52280 12072 18682 15766 54206 
60 60
13709 63137 21501 1709 20241 41089 41125 17819 21973 23118 29769 13501 42110 11956 40401 37689 63388 53558 57754 12981 63697 58743 42303 27264 40543 31424 37423 52318 52210 18016 40511 15650 25459 57717 58940 30137 59232 30853 34370 34739 42963 14154 45553 28847 65210 59303 37032 13012 13089 14633 10355 63596 2578 40050 21494 46326 9881 13771 61416 22125 
23946 35739 25309 57934 53945 44893 51802 2816 6330 25794 52120 26745 1529 51899 17598 58500 24381 36987 11919 22554 36417 64630 44864 11529 44777 13482 43907 27827 15207 42846 22680 8814 64513 31216 9650 11226 55681 3216 12230 20667 52068 22834 8840 10340 64852 56853 23460 3522 45932 33334 22973 36114 54880 48128 54075 58583 37409 5511 1006 4761 
3501 22319 61745 49398 60580 32187 61757 31135 42096 52677 16987 5707 61605 35109 27069 62934 35948 57531 45559 8762 58591 58620 43716 40378 37947 50912 7707 43794 2302 852 53238 59942 17968 55808 27796 38595 39985 10127 55900 38441 12489 17710 14902 23973 9336 46576 23076 20690 27385 39036 9997 10496 43776 2611 5593 62451 64871 38280 10594 31441 
21543 16969 53465 20127 48622 4959 5724 43066 36078 18104 21194 59755 29645 34766 29216 60169 13154 29842 49262 16397 43598 25432 36811 33286 48639 49025 873 24827 10207 5221 60266 24647 11458 8967 38924 27533 46720 772 55927 25348 19912 43328 52082 51304 62214 36178 56380 64828 49779 63023 33623 40153 12449 32802 9447 41870 1452 50145 22283 50289 
26902 10369 16220 20049 17920 23631 42556 814 39174 57845 26230 12445 53843 15682 32967 29551 21366 12081 49581 38050 49667 53508 59931 16157 22402 16655 42646 10779 26155 41543 26896 53457 45478 20313 32132 31488 54509 42951 8246 16938 2038 13745 62694 10102 50986 16901 57204 60609 4824 1134 8213 53220 52083 46091 24207 25442 31087 5394 63712 51559 
1607 61508 7746 30422 6431 49527 64180 11832 2310 45521 55417 52762 44615 49213 8118 26417 38161 3000 13435 58478 64980 34512 14144 48815 38731 42971 34229 49580 22819 56100 2959 40662 39371 21492 11549 7138 56904 9081 22458 21967 21162 24266 29601 3163 41568 17821 10709 20112 36609 37351 56039 59152 20603 52921 60595 38715 8755 6076 5755 25240 
2967 26315 36008 63756 22496 55241 14525 60407 51555 12654 57145 62835 48814 38721 12615 36358 41487 29258 43565 19041 63050 13524 57604 47169 56188 24702 45657 48162 25377 17969 19772 53574 51465 7683 44774 30019 35471 54329 51939 5626 30249 24853 52330 39306 28826 50163 46067 44322 55497 61490 13194 11488 3980 10668 36243 32976 46623 11327 65309 45588 
42373 11662 2880 54900 42454 27576 11291 38777 39346 5655 204 11011 30925 14708 7436 59297 24975 7177 61409 20696 47395 28440 21801 8421 51127 5666 52708 32622 39015 48795 42090 30724 47981 29384 34442 16645 32816 9451 46767 50230 31950 18153 7037 37220 32569 26968 63036 10652 30058 23799 24580 15266 19994 46478 42590 33583 21532 28127 36975 9086 
20290 13131 28210 63272 63819 57233 61981 14724 31680 17665 26839 17739 37449 11405 45677 12897 56545 18223 49812 11952 37495 5423 10612 50380 15813 51027 53757 25488 49097 34559 57384 29671 7948 2076 63853 40320 17677 4217 354 5046 57106 58820 59304 5462 55665 6569 21941 30370 18598 22114 46475 52728 42641 26906 46007 59163 22489 17370 5683 59124 
62854 43325 36397 49149 40605 6374 2626 20161 50513 22727 13483 3026 3265 52230 43229 4760 45975 59806 56244 6295 49148 52858 6237 31506 54550 22198 5052 38470 45621 17266 5447 63861 4576 2723 36016 26599 21688 5866 21405 19139 26071 12917 1027 39441 11015 4427 13199 2349 60884 13060 14090 50992 53581 63704 28696 19869 58646 20354 18637 40785 
50968 46115 47965 16406 53536 9142 3590 37870 51457 1085 53346 3848 53741 40593 18463 36496 61055 2526 4 21262 48399 55631 25002 43625 64004 25541 130 32735 53593 60714 23635 10415 48750 62639 31873 36758 48769 1191 54819 19160 23991 39566 8555 12457 14557 3132 39310 57348 26488 5742 7281 7563 3818 64286 53570 46389 62612 36147 27184 2244 
56240 14399 18924 52538 60662 38238 35244 58458 54555 32165 9583 54616 33438 12290 8296 36828 19911 29014 57438 18711 8760 54972 37215 17531 39567 3289 62715 55809 17596 25703 17098 24892 48223 10308 4386 27155 20433 57151 64486 18348 58843 22131 14006 21103 14967 57495 43802 3538 5222 1080 42866 22755 44826 55412 23516 16757 29861 7309 51292 9934 
9683 32789 18744 14439 50174 33575 43754 25268 5164 1285 23369 45504 56931 31562 15690 43412 43389 13322 46993 20564 43281 59136 44933 44545 34013 13241 63873 45076 46023 32421 52598 21550 20962 27049 62634 34052 36216 61880 46521 174 21183 6844 6625 9254 63023 48825 51972 15001 39711 9818 24127 11654 5987 10420 48887 1970 24009 24055 60734 17746 
9448 42771 5874 3283 34286 16860 56972 53220 36512 49931 8698 24397 60715 63342 16226 48599 16588 21559 18070 2512 37944 45233 47886 26803 31021 38725 63099 6890 46040 48655 20249 22405 57552 59299 3271 62442 15648 5059 9520 16861 43060 14724 53174 33365 26311 30408 48203 17861 31243 50306 7901 10194 23816 21548 47116 8342 28461 65264 44682 49777 
49578 52018 1927 6930 15968 2149 38913 47419 27596 30531 41841 33817 61940 20865 1102 46544 19756 17391 37369 54854 16021 11671 3810 52129 62522 40583 55997 43594 42409 27952 4030 28656 41986 45469 4832 1622 26254 10253 6848 61471 13970 42661 45382 56833 19643 230 28210 47459 9398 18481 62180 35085 33396 52963 42184 44078 19880 60585 41923 21981 
5597 19703 51098 38468 29019 9192 11516 48561 24079 19621 19350 56881 19368 38956 38277 57322 17613 12146 13116 63672 42028 2262 51605 32921 21276 10875 50707 14321 54151 294 48679 5231 3570 3931 2455 58821 9396 32492 46370 5614 52420 42737 18710 42130 44799 34218 34505 28698 56826 54761 34698 38229 43593 39560 5062 26538 61665 29538 60797 22165 
48558 2467 30296 55603 63796 15331 27339 11516 58745 29824 30716 55755 60102 41684 25890 29889 54696 26440 63522 41042 61335 29204 44398 28535 26262 35880 49186 18287 45856 33581 58285 15123 30290 1366 58070 24523 33246 11472 28913 49717 32831 46617 46160 60234 59339 32691 26213 33998 23842 19245 12236 4711 31960 57592 56191 50512 61834 39967 30961 3402 
62945 11317 18373 14591 15143 58592 12068 7327 13951 39366 41156 28092 55936 14376 37189 46127 53872 58222 37224 48925 41113 14211 39749 31674 20921 58306 29848 33995 23385 41610 614 29638 14110 61196 29601 38165 21030 58359 8379 48943 30003 25842 62575 14563 42673 15464 12839 32238 1890 12747 6947 36669 37754 23221 53990 9898 48342 12772 30043 270 
17974 50468 60836 57763 45068 28681 55887 14456 29307 8703 44306 36219 54342 6957 10791 26030 22962 59579 28132 15453 56780 59679 43949 9701 46277 25482 37006 52159 45156 44662 808 19177 16118 42034 65026 51914 36086 37867 54656 22220 437 60444 43867 63255 40648 13900 47537 65227 46298 42369 33677 36523 9268 18727 56423 33786 23114 28767 10226 24934 
3332 26795 6375 48989 2676 32926 54570 40580 12768 62227 34720 60515 59173 59280 50232 54738 57512 38898 42483 51025 48173 15976 22329 35510 50329 38752 62679 11811 57477 60180 24234 30202 65379 14563 25915 21950 18468 45760 28947 10358 47935 33253 17305 35859 50621 51419 14349 25530 19649 56519 40146 54117 50859 33875 50075 28011 27807 12017 40794 54358 
12844 35198 56327 41386 35286 56005 45302 2974 13391 44897 15546 30404 3101 22929 24763 4238 51993 64801 34630 53224 7485 14277 22743 17878 54101 34064 4611 47465 41355 51608 16610 38189 29748 45851 12571 3222 11697 7308 34751 5039 22425 27427 38036 34750 14215 14437 11133 33892 24546 39723 47746 57173 60445 28348 24132 52976 6954 8059 24224 58846 
63631 3728 60375 50110 51827 56502 1708 27945 47085 26278 24144 52240 28586 10554 37572 25714 11612 44896 1527 25836 53769 21857 64942 52094 40560 52173 26555 30267 33640 42416 44686 41344 32038 62750 50175 21384 39853 28349 27508 20214 27744 1700 45729 43905 7253 19510 23380 42702 16023 23448 62966 39071 22538 11006 16792 52578 38073 33300 20710 32100 
32455 14367 46929 45718 31449 63615 48462 627 39034 55510 42855 34828 31295 33658 14262 14433 51834 37016 20334 30644 20828 15128 337 9219 27389 29662 41746 20100 1547 59511 53982 62526 37209 7971 51205 43792 1802 10252 9139 41511 18666 41237 4592 2382 49561 21948 4765 12751 52944 33983 59338 45111 5623 63280 9299 51291 44892 22842 22795 55623 
21581 44827 30973 2785 12764 56995 49007 2171 26398 3857 39170 63663 16605 2475 46193 46220 4598 28584 17553 53953 2602 36884 16447 40704 38970 13007 34174 31131 32103 24644 26168 14998 30840 802 9416 13175 34632 63629 23579 28389 17823 9618 52530 37240 8819 31857 1677 218 24902 15374 55776 46337 13074 10416 17692 33667 14666 21976 18499 20758 
55565 62307 33935 24223 63546 27620 2611 13122 52852 52339 62345 40523 63756 13136 56179 44039 20975 37914 37799 48212 36199 24059 18717 54496 60721 11041 61769 3469 48527 11174 50501 19843 30487 60850 54359 38560 53822 63833 34265 13037 28556 21444 10107 19243 41520 32270 20094 32425 44335 53332 5730 58181 23439 1020 43735 21619 38137 31545 2442 41343 
15670 4911 60191 20810 65075 6613 34962 64822 55737 50570 14364 40692 49718 35210 57490 30586 19095 43388 7297 52740 7268 12106 58613 35096 11698 17215 26784 13028 64609 63126 59256 64187 63673 26565 40702 12271 7587 24665 35769 49479 14356 7994 59066 52107 3725 49167 12338 10260 24323 15910 50595 47460 52558 58847 815 4722 43948 56312 33740 30083 
27044 34911 61533 49858 16461 19810 28413 59702 8324 38226 30267 24311 55665 46159 57970 61335 24420 58861 10345 40738 43415 28326 62283 21727 9970 14211 37366 48918 53610 51365 40247 65524 12338 19549 36497 49490 55300 20669 34773 57119 36814 19446 44317 36139 32369 12901 3596 6211 6202 38618 20513 57076 34852 62325 54605 48834 59702 34527 5572 5340 
27099 45021 31130 46630 11457 14496 42284 42248 18245 15691 27409 33198 1733 60059 7320 45246 18104 65116 10427 21031 387 53855 41563 54272 4068 1586 3416 53053 36974 12454 47440 13178 16895 49243 58969 49208 40265 36491 2559 10564 29655 38105 46935 38221 7662 62667 42840 55111 23068 21523 43556 10321 42722 34577 6505 51909 57291 3696 50100 57063 
27058 47329 64505 64098 10186 38539 25280 6491 30137 47748 20673 7267 58599 51119 52881 35390 31305 18766 54087 52312 37414 52479 8639 65161 34502 9883 15959 2067 28114 52186 30297 29863 39223 26341 421 26511 38432 34994 6888 20312 16457 31029 47346 41440 20747 25384 50131 47111 38340 51593 21033 11061 26023 41000 15138 8766 25973 64013 7356 17708 
2471 13612 32803 10885 3103 44368 9510 18065 35948 2909 54843 17147 51470 23063 55541 21395 18327 45079 30195 56737 52906 57435 25463 32414 3494 46963 46998 8081 14198 26223 6380 62215 17090 10302 32186 15047 37074 16437 16911 58413 18638 13207 38414 33032 52433 56815 41338 17986 29717 40177 29792 15924 62171 63868 15676 33952 31050 34414 2911 56541 
61167 48623 35779 29862 29361 61865 59728 60484 44615 4374 50026 29070 19949 19468 65395 12670 58294 32460 62366 28498 1289 19809 37081 51846 8038 10915 29011 8068 37934 6285 38010 33284 14712 59306 62530 37734 47096 59301 6765 34801 36296 7332 20166 48731 42938 30357 8436 46181 63849 34691 62219 59127 64433 62420 32968 20466 11866 3499 43200 24596 
41711 36014 53059 7761 56610 46680 49342 31537 27627 53901 60107 64323 36631 38469 54517 34897 52483 15304 22035 25842 65518 867 47257 32027 60827 4408 29224 61836 5482 14614 32299 25156 54887 59252 63526 24495 26545 47296 57768 17615 34179 42921 25220 63723 8455 25166 62313 60000 25246 63050 7738 21208 47373 42550 16755 27128 16653 48803 43735 7040 
59792 27408 16992 42698 10052 65475 62223 52074 24116 18129 23717 26270 49770 16708 56528 14623 55954 41818 63903 49649 59194 26210 5199 34405 41836 4651 32255 40388 40459 44459 15309 16699 35578 13138 11963 42365 46839 61502 15787 15818 17369 57640 51391 577 24054 57765 38583 45091 1910 42570 55481 19494 22438 23288 45831 30312 59576 47288 54910 6209 
27366 52791 7366 9038 25041 23150 5472 51771 58105 600 48630 36065 53330 22565 148 56132 27212 27928 10198 43855 23039 50226 44115 56423 45985 9549 22400 6213 63433 52898 57552 25559 21346 53806 24918 1248 33596 10933 22399 48859 58844 31927 38488 25903 1382 34430 56760 12626 47941 44114 33023 55280 31300 13258 2498 56548 54990 11515 61080 64327 
50683 55861 27675 54477 3849 17403 12882 37955 7825 32347 47794 6130 46299 65191 55063 38771 31668 16582 32048 3887 38580 7233 28438 30109 30865 46587 20280 50373 4827 42887 48475 34566 45219 8415 56672 47629 33593 15643 34515 32759 42673 12968 992 63996 47834 175 57470 45381 20353 48885 564 41206 20304 30653 37066 54664 11686 11620 65438 18499 
51428 12973 53415 14980 46616 19722 29307 15801 52242 38895 44330 37975 30120 3160 59676 12222 40333 23395 18014 36444 36705 46274 51560 50089 42994 62039 51472 12270 18538 46078 37089 58246 17959 40098 54482 35068 1637 26128 12347 25928 34130 11594 56909 36122 39294 22589 9428 22733 31406 63361 8302 46003 48701 63137 17277 50853 45960 5937 20776 47245 
58723 5382 19598 30003 25411 5820 60722 43653 58420 39399 64783 61569 21629 17004 44030 36940 3012 39833 4903 8079 32128 64028 187 5666 17863 3233 4247 62317 1236 2745 12499 16948 16473 38121 61081 51690 60100 54988 26791 53359 40185 61764 55858 4772 6795 36825 47203 34805 45018 19516 53591 2700 55853 42906 52808 61763 21785 6353 51001 3666 
18642 11554 28728 63986 53750 48773 23638 24424 43626 31064 32524 58355 19748 881 10297 63010 45038 29250 55388 16440 45667 19871 51150 17725 46089 60139 10545 1851 52131 35507 7279 25833 42009 60547 17247 9927 11128 1148 8557 25983 2127 2188 8010 42966 6771 57034 45918 831 6878 54253 7293 21505 28443 15164 41527 26111 61734 56326 32339 64350 
46693 53161 7644 49467 49835 38648 36828 10014 17271 36736 790 36916 25611 1197 61463 31526 55859 4160 7608 12490 26275 49037 45756 62839 18694 56289 31350 16472 55375 49377 17680 28387 34518 5971 20638 34035 4064 44480 11051 47311 10286 49229 197 33063 17835 41339 32271 43520 36737 43380 2417 38752 29415 56301 59480 4676 10604 45867 54072 837 
30298 41887 46366 63823 3827 9406 53547 12725 319 57893 41566 64029 50940 62971 57755 45847 40449 19551 42070 38847 59506 52141 30876 64943 2820 25458 54335 31020 2776 13679 26728 17514 16189 22920 54904 38621 44485 30855 24557 41020 22027 6228 24893 50565 168 22666 58235 28537 11709 1612 47689 49951 65461 36463 45533 51860 12889 12851 29802 65453 
62125 56867 62763 63712 5790 10014 40023 14582 9700 64430 62993 57257 43308 48130 2453 37544 5094 53866 48744 11257 51831 42478 15701 730 42571 15098 50380 50375 11392 35726 15480 12887 36610 22895 53259 8816 55424 337 42820 30990 693 59883 52908 13689 12156 12609 57149 48211 26713 48041 39724 53991 42617 35202 55397 39756 46745 41627 13290 32881 
39195 53084 5450 59032 41330 46599 32859 45131 23848 29841 15453 4263 38165 30779 35670 11366 43614 40137 34674 15691 9635 25987 31810 52435 20379 3831 20802 32495 53984 44886 61399 33447 55167 23006 41682 34774 35452 28275 807 57384 31915 57018 3773 46148 21716 16339 16215 57056 57835 30152 53224 19762 60151 24867 63212 16608 12395 16772 32068 8390 
22882 5827 8980 44945 11874 35260 8952 22703 37523 64526 64285 64790 23689 27313 13410 44006 60432 9855 47182 5155 64361 58619 29901 11345 63356 37088 25933 7714 52369 39845 5194 36537 2613 3967 35656 43316 49538 42259 52185 15792 63939 46574 23688 8423 23779 10765 1048 29064 28158 53457 42153 32760 2100 40059 63087 38754 43196 20290 8545 11870 
11446 61298 4402 16156 57857 30839 35314 60630 7546 26163 25468 1051 19173 4477 50055 60043 38983 8460 15095 10409 28693 41890 39311 35885 6601 51954 61429 35199 8811 42785 56024 54832 27561 7320 22373 50072 58978 49538 63411 14075 16400 36547 53499 27361 45886 55640 41903 309 42694 46585 25359 50598 57548 51554 54489 59901 587 17647 37122 50860 
49619 53847 20365 29914 61786 62591 42085 40410 16718 23985 26522 11025 49262 15659 8145 38321 41947 18214 15252 59836 59092 33111 39009 4202 34414 61399 46538 22509 35560 51113 39151 35933 50530 12339 36740 11749 63531 401 52846 27196 32791 17124 29947 44059 12265 43677 53535 1443 2686 38776 20422 4186 29851 55422 9190 38886 40141 55776 30108 4524 
63935 28254 62275 24928 43479 38851 48694 16784 47624 30171 23753 33261 59531 2911 57800 941 55636 42598 58892 51801 158 35201 2618 61862 58656 41521 30018 15231 32747 48117 25577 15675 12717 2517 60263 42909 13898 43738 64560 1223 1026 9017 51991 55059 42391 44214 21163 18110 52626 39954 9409 42238 29901 39824 60506 21069 18255 27041 54335 23913 
54205 33622 62480 43712 6823 31387 35457 39540 28530 28748 54875 19497 14368 12305 63103 34357 38809 61604 54176 19787 57911 11696 59263 27655 65064 45758 40686 61998 46258 58222 44985 30061 29487 54011 373 13592 59436 20581 10989 9885 39104 64921 55363 3773 4614 14374 23502 2321 5028 5582 64594 63686 44462 46121 1432 433 46115 54791 61201 6492 
55023 49878 65302 443 42995 10196 25199 35011 27078 59577 6067 3511 59828 22589 51330 55772 49947 53806 26777 54508 60275 46289 7515 24065 31361 63104 12581 24075 59381 62367 10209 20456 27182 44334 62977 58196 32474 12119 54714 9048 54291 57967 7696 8209 63170 46717 57644 2464 10364 7713 14568 65522 39323 21496 48290 49040 37161 38381 57978 46398 
51631 63456 29217 63029 47182 47387 5580 43256 59478 7868 29761 13741 32843 46243 33177 15362 54685 63011 13666 57948 174 57062 21636 50657 33999 57811 49897 65147 58139 42490 7425 45052 5598 14941 37495 14576 47152 43424 40885 18830 21535 7573 17122 23101 53040 35505 57908 57039 57548 17235 13797 1640 37914 64201 8074 22612 28601 35505 37370 55448 
58663 19803 40438 49006 17751 61957 32518 26962 43126 18160 43124 15273 5421 51913 43850 2130 1707 22476 33241 9060 6653 17005 3543 44067 4060 32334 37463 53373 32851 20141 16040 48142 44205 59892 11029 62903 8898 56853 58340 59111 32076 44048 7982 46889 6100 51998 23765 39887 39686 14345 37660 2862 26085 59000 29565 15754 12949 109 26152 61764 
48492 54393 17294 9157 62989 42161 35215 16136 39203 14653 62175 64874 24674 30520 46446 17543 9439 36124 35146 18179 3248 2176 39827 34227 27912 16727 13752 34141 15513 23716 25874 25825 47661 62048 41695 49870 9495 17870 4823 62817 35442 57287 30074 22084 25018 42010 21524 20670 64250 20920 31873 19817 57301 25155 24249 29323 36445 43349 46967 46571 
45697 57342 25346 5335 29659 64469 31510 37365 56438 19863 19420 9306 4726 56850 52552 58143 60931 34399 62425 44801 455 22545 62485 55241 56894 3002 58755 1108 64963 49639 30308 19157 26659 46445 27755 50097 3909 60176 1480 54246 59449 3616 4021 50614 62683 55428 11427 53159 62606 61635 59778 53036 53302 64547 32021 47620 44970 13067 55961 52441 
32863 15028 51383 16841 36719 7742 59136 29114 42918 36148 15846 35338 3933 44273 46551 47467 7975 58170 65147 42275 22416 1757 45260 62919 58996 32046 51764 4587 50254 50055 14502 45148 28947 16300 47258 64889 43058 20154 31981 45425 51069 34748 13784 27458 22660 29772 43964 59640 47167 35934 3445 33027 36398 3749 5183 28285 61111 28013 36832 7862 
1912 31119 47018 53252 35628 57538 58938 20040 12675 32643 7429 8574 58425 12363 26522 23678 57859 8775 14485 2455 20142 23651 19487 43344 1945 50020 5844 12378 29645 28456 44967 19066 41396 11097 24333 40458 8010 58020 42265 59660 46281 53585 37203 50859 25169 57480 378 41892 38852 32119 1005 42125 5615 36514 4903 26554 9247 37773 15031 47764 
36876 44801 50719 13492 8610 21684 52653 18632 32884 40612 20248 23435 16234 10411 18769 5929 32347 27364 6352 41565 20932 24579 61524 781 32821 1123 43024 17029 20230 24987 20079 29110 16111 4421 31795 37427 43701 60777 39681 3025 37416 60035 28706 8626 38969 22400 64530 45940 42449 37569 30812 61436 5930 48666 52701 52577 55839 39486 58606 2410 
16190 25552 10785 30289 56318 61942 11783 30572 48985 63325 65394 60731 31908 9171 17258 57017 36391 48632 22990 34874 15708 35367 23588 45206 14105 43187 27826 4125 7528 19176 24877 58234 27692 42909 54715 64455 43528 32380 34689 8617 55045 62758 24651 11534 14643 56965 41369 35252 25457 54207 24873 19524 21876 4446 63954 39824 64868 5264 38393 56162 
47509 27020 31718 26867 9362 6275 3129 37100 12168 16035 54610 64051 27369 12389 20577 53262 50606 25893 11483 8427 2764 55080 40502 30899 2655 63258 37258 45671 16 64854 61075 23144 1791 62933 36263 34119 20526 44920 50308 48164 57219 44692 42123 28033 17351 62732 14397 59035 3843 29463 62256 13597 21710 12739 3265 59445 41253 23890 63428 59979 
13739 28133 11981 44325 12528 55930 6298 26494 62508 34490 34601 60722 1464 28159 5464 14599 14243 47340 64364 42048 34381 20604 36433 3152 20797 33643 506 181 47906 1327 50944 7038 58659 25875 14971 3308 34829 24495 5475 39131 65290 16135 36069 2230 44657 6274 19484 29716 2154 4558 57978 941 31779 32997 53084 63527 13832 53098 30442 2804 
58886 39629 22390 25441 59401 41669 37866 13579 2511 41363 53170 42897 53480 51367 20251 27951 63250 26435 5854 44649 16340 51564 63393 58315 46184 55963 7961 35284 63783 14292 9751 32100 44288 27569 44876 49862 27465 49886 35498 25690 11271 49965 49441 15138 40829 650 6138 58045 25750 35032 26761 770 55249 14012 27785 41358 55819 58289 45500 21876 
37321 5837 55277 28349 18425 20581 17205 33876 6471 32130 22054 7776 33739 52061 8420 34497 30927 23665 38681 36159 49861 36756 12555 8448 52984 53282 48530 21839 61588 30437 16765 50215 39732 2825 60359 4447 30189 46214 46299 61771 29705 43249 45040 29433 7916 45566 59268 6838 38589 46342 48647 12561 26457 56045 47903 40968 36261 24772 18234 56859 
