30 30
37867 20995 36500 56793 52168 57482 30620 10862 64104 29193 39960 15763 31754 38982 6354 38408 40890 20999 55697 29269 23110 10599 29030 26852 23039 13571 4674 44668 33434 25565 
35278 18475 57840 22486 51730 24795 7435 63034 56856 64063 14859 11824 41433 55961 9071 49121 14427 54982 41534 54733 63689 37032 49386 42054 58880 55067 52680 27736 57847 37910 
34151 45733 23555 55309 47112 27281 58498 50854 33307 17520 2417 34854 8406 18140 15215 2100 12009 32408 17477 35117 1152 44319 61175 36463 57009 55597 61034 48988 21969 4622 
57642 21014 54556 39679 10067 5550 6122 5334 13970 30707 30245 64870 45683 29648 49915 39300 40992 46137 48200 36509 29541 3951 26393 37425 51083 45807 23365 41535 27928 5629 
39917 54328 39708 45386 55210 15104 58420 54878 28341 59641 29364 29680 19518 56241 11327 59753 41264 1083 17939 37808 62829 26828 6433 9455 42938 48663 43473 59495 18487 44902 
46535 15524 22130 37699 63076 47683 62885 50547 25146 38556 63563 9315 34491 38956 53476 17257 57443 56739 49388 54106 38874 41763 45229 40005 21241 7388 34709 60768 19979 56643 
52512 42394 41146 58456 62500 6391 17744 6526 9393 2276 59557 49902 26369 32395 13787 54267 31867 45182 64723 32475 19593 31989 21485 34774 19511 61512 46715 42263 25477 53896 
32625 40028 8217 6433 57777 3555 12240 49171 8524 64604 55459 41567 40923 44187 27418 40128 9639 59000 34295 25260 38806 38370 64360 19236 40414 35383 13348 1440 29709 55135 
12640 51635 44348 40136 44996 39643 28676 3777 34482 34848 41317 39698 16109 43401 21230 37410 62729 56150 3072 54649 30610 800 41234 21250 27591 19541 60793 58038 34841 57186 
3369 24406 52570 42103 45770 38175 59973 4595 43553 45851 16408 8980 59095 23033 37387 18937 43743 41318 58364 20884 49102 49443 32499 13674 14349 16124 59382 42423 26587 15806 
14603 39194 12551 23588 32862 43977 37996 59967 16388 15475 2094 61494 56703 48882 38302 16193 33896 45717 4828 51826 48242 54118 58152 25661 56654 39741 7199 54689 8546 16121 
37188 34218 22167 51995 18169 64686 3016 21577 36282 4637 22838 20613 14543 28403 47802 4401 11304 25002 53019 60466 49746 6527 47349 48396 9806 45495 31876 62681 10340 3972 
4538 12061 46994 49313 48525 40130 38324 19962 9226 38232 55856 51677 18764 3080 8835 21711 15426 29215 5299 31362 57236 21024 52613 50161 43809 15336 41048 56325 50299 23381 
922 6972 13328 13233 49180 6916 50551 5368 3391 33932 12850 15793 50745 48176 452 29107 51114 17722 6732 17534 10014 31257 52391 32658 26619 37446 50322 27832 59822 5503 
16494 61648 5155 978 44790 2263 42964 49834 4610 20066 18010 5162 45216 38327 43467 34240 12905 62033 44186 29947 15989 12709 195 23236 13963 36034 35279 34769 8656 54461 
51390 46549 53517 16820 40522 55608 13443 49928 65324 18444 50931 45724 30139 35633 22517 25383 47723 7131 49442 2336 5184 15404 60725 32265 7426 8728 39652 13496 3873 43051 
8152 34761 9294 26044 309 17629 20788 24120 32831 10954 41559 33078 8598 19930 30168 38861 343 28659 49979 2838 17547 55781 53501 54312 5215 61053 19412 62449 9634 40481 
14289 12586 21893 24270 30413 56625 47575 20760 61236 56337 9267 47689 14915 56690 61445 64352 45442 24831 52648 8136 10673 65487 46095 28253 30248 42710 5374 2660 3929 44838 
25450 10037 55057 7156 18433 59695 14517 21819 14822 36872 3591 19050 38910 29254 15525 42679 52211 46332 22049 18366 3245 4053 6636 12840 10408 992 63759 22965 41753 14438 
60777 32718 44297 23649 1467 41293 54540 22476 5682 17098 19492 30090 38134 54850 39740 6094 60869 16897 52326 40441 17025 58507 61544 1670 50763 17780 36860 22435 35391 23809 
15501 44576 3179 50465 36484 43764 41568 59539 52182 39266 14443 42128 39381 60761 10777 18831 48938 37113 59345 42087 47412 18266 57050 61020 7944 15569 26261 8154 56726 9343 
22413 28246 26046 57933 21866 50148 54800 27187 15148 24475 57422 45479 32206 18254 57012 25364 55771 19705 53434 36136 46587 13508 23627 16629 63367 61868 15613 7865 29909 5680 
53716 35275 19118 60233 1547 16782 51582 18449 5449 48449 10647 58535 21056 8544 26984 6815 45268 59116 31535 5867 19112 15681 52939 14832 3674 61670 42526 40582 55533 49012 
63350 32146 32381 41932 14004 31464 4913 38275 15740 50706 50852 33736 35973 25888 57908 42952 65191 33268 35288 30418 57464 16873 43491 54695 42719 13110 21169 55877 55628 17576 
25594 38186 4554 57287 15583 23600 18515 4353 30086 55702 33377 35305 50123 46152 41876 22680 58721 27185 1249 37583 41105 24344 36120 56090 22210 7940 49534 44598 3355 8801 
23407 47167 26813 14333 27752 44895 47563 62941 32400 18818 34216 44662 4467 52336 48938 53054 27083 23403 43501 16423 24116 9038 65021 24290 59939 20960 4330 46834 23810 16620 
29235 14022 38824 44679 9625 22507 56884 39884 37989 22719 41747 61011 43765 54875 10407 9251 10098 30426 60699 175 5136 38530 54228 52854 11518 59073 53716 33807 31322 33984 
29106 15836 973 22590 55832 926 45448 57452 52335 60821 54807 51583 43371 9396 43001 50886 21080 45776 47449 18190 25597 33177 58573 39650 4328 43690 23758 36587 49591 10750 
23828 33629 62823 1426 16700 16946 38733 47807 9682 11606 56856 7610 19497 16671 24646 30610 23522 27847 12572 10 48889 6034 1545 53856 10226 25237 55223 16625 11510 12738 
60718 19094 42051 39514 10678 18360 56481 16118 12700 3717 4366 24474 61803 3238 8860 43933 59324 22747 44433 24927 36250 49143 2146 19686 4165 37774 52358 2584 37811 56402 
30 30
23726 42313 61829 17415 10854 33806 7814 38658 1577 51509 14165 47204 4100 54673 17163 44222 59403 11854 12256 42329 21215 53730 21462 27598 56045 63000 29334 36428 18115 39789 
63973 10632 39474 48001 51756 9304 35394 36465 24350 14360 12099 19533 56492 9332 15990 44350 2060 6731 11933 27728 13992 5588 34530 40707 40581 8203 1355 28578 18161 1383 
21495 48578 35179 65089 44506 45265 64313 42349 27372 26651 7051 55098 62590 717 56050 49366 47833 35564 22181 64589 62398 59650 29637 28946 53983 59426 24915 3904 1592 37184 
6722 4115 53422 6497 9260 11219 49869 1761 41797 5443 20768 25743 48322 2116 34270 42021 60314 30012 20280 58268 42060 35663 9285 40364 2596 15792 45141 3512 5647 12307 
44929 15374 34929 22372 16360 19215 19056 19277 26767 13888 39913 52729 5680 47446 61870 51245 48546 15436 46469 7613 52913 55713 16171 34774 3560 6766 12807 62992 50201 29815 
39120 22263 16607 40069 9972 60370 8975 3782 60002 2549 21683 41500 3275 52978 18323 34475 32781 14037 28902 46929 36253 36223 26774 4839 13026 19268 16704 3664 34189 7919 
8364 44419 33597 24998 47026 35838 48154 62973 46531 30634 9665 28731 45134 46348 23502 763 31125 7477 38102 61687 38867 37337 38515 30878 37050 13532 45878 7548 9123 39264 
42627 64492 19674 7404 38909 11834 35544 33725 18409 28035 60580 36639 18295 864 32548 60043 14620 17856 65433 26536 28815 51046 22005 7348 18304 30337 11414 54271 45628 57127 
29728 22279 45099 13107 65396 18267 12477 27500 23013 9360 4695 54666 41138 45819 33001 33870 23509 41541 30750 48069 28756 59286 4577 10180 56098 3372 59239 11367 35904 56072 
29060 562 15020 55642 31216 10845 38975 35671 25846 5608 65392 11666 1483 28401 14683 40756 43343 30777 17885 38598 59059 43539 54039 10516 59525 30757 25104 52941 65456 63974 
34743 58347 14976 5379 44472 16428 27885 4959 8105 30737 31599 61476 38382 17755 64688 52906 55388 46447 3769 37690 30267 20702 48549 9004 41136 58749 35700 63902 38035 46848 
32315 5548 14399 26995 38285 875 53268 61169 47238 27400 44379 30037 9767 23089 44525 19454 38620 33471 11461 5652 59616 52763 28104 18095 53033 32644 573 46419 25549 58142 
8374 15842 37063 34477 44243 32735 46657 20137 2822 19032 18191 22196 48822 29104 7052 13373 33772 62420 12992 53824 5956 30024 40986 61839 22857 34129 1477 59813 59405 59135 
45092 16348 36188 18628 44595 40880 27940 37628 55529 47200 49268 53899 6582 35508 6021 1374 36080 64442 30955 55912 24451 60565 36625 55782 1054 39469 53239 35531 10472 60274 
34611 2072 13834 11887 18513 54804 33520 29819 16956 31229 57512 2796 32995 39502 43830 59961 30352 18060 63012 23440 32211 58953 62543 4805 43302 31973 41197 14959 7560 52123 
23165 64296 43046 32167 46768 56511 2781 13638 7629 13751 54478 20674 14957 38795 24558 8371 6396 35704 23952 24429 57944 18627 65333 60513 50709 58357 54452 4255 49129 26390 
2898 55875 41893 58736 28380 5493 33034 15977 56385 40257 19682 15675 46574 12471 62981 38320 8086 9637 54703 50288 20467 38335 14365 20796 65266 46774 28596 28010 16843 39802 
13806 14632 41246 6336 27108 47961 46870 35541 9537 915 51855 28680 44602 24549 31636 10198 11402 1799 49101 17526 64761 58248 20711 41795 19055 39516 24863 20289 59350 65375 
43654 5357 34868 42169 15292 29106 59646 60613 50072 45070 14047 8965 21710 42840 8557 40975 52716 41732 53489 40482 12525 17763 25872 21458 49712 14000 20043 37134 52220 57278 
57117 47452 13514 810 42015 4713 45346 61176 35316 16090 18091 17716 53056 14351 3752 34981 38812 39630 40546 53794 16198 6030 15447 1690 18769 4719 47871 9458 11749 9595 
29903 10834 61473 55506 25370 53509 36735 37576 61210 37409 57046 51303 64564 9236 19034 26279 63407 52117 22042 30293 20315 23444 12270 43696 34750 22387 57698 106 3379 1967 
28174 5815 65360 19855 34484 3743 2878 46314 22672 23092 40044 18147 53633 23396 27597 13890 53610 16281 12102 9765 20748 35851 40695 38775 41104 55254 41811 47819 26119 21385 
31044 43952 54981 7017 30834 48134 30290 9673 35079 3281 44781 26260 864 50965 14224 15164 42090 64386 53814 33083 22649 5158 34131 58389 63281 14321 54669 63582 49126 16981 
55827 43082 25726 63917 47800 33116 47145 57853 53107 19414 46840 27842 8782 25970 9364 55722 9562 32037 9664 49293 61882 62378 55148 59232 39865 28035 46846 57142 16230 48000 
60528 25250 5918 39843 22169 7511 40473 62006 59048 7269 3277 54546 25646 40216 63729 1935 60867 63276 18936 16832 61183 59620 28697 670 46257 55587 43245 34121 25214 45232 
31482 16593 8816 28062 51916 3321 3703 18147 53495 54610 26758 18214 23724 7822 61137 6810 34685 53896 37736 5717 61318 6143 6443 31885 43108 28619 86 8797 33634 7212 
4138 56319 37425 16789 61102 33741 31545 56369 64175 32392 43679 46078 42309 2039 5959 39643 23274 48922 9569 4789 22682 62020 12879 26681 10037 53265 54548 31945 23147 41729 
43235 39204 46262 61673 22766 60968 39456 34140 44770 63853 54358 42987 19854 9157 43380 6572 1187 22053 2831 37745 19116 5509 25094 45372 34935 59136 29737 1593 45984 27057 
61636 44908 13869 44737 19616 42297 50124 31770 21921 14010 55296 15078 44198 3553 27421 48474 64239 20809 29273 29273 16957 22086 53841 11227 65463 1547 32848 9185 33297 36156 
43348 18704 46941 54623 39524 59568 24395 58026 4439 22927 28955 59589 41099 7777 15976 4043 63027 35839 62261 55111 43287 27195 65262 14847 23403 8531 62248 48625 5823 46672 
