80 80
33057 33031 46049 21656 41154 35952 37325 25851 46194 4676 24664 45852 34440 6375 20144 27299 60563 32659 34692 12100 37318 30788 64707 21829 1701 24812 17465 38131 60384 38659 28861 2657 60752 64964 24096 40218 59580 4986 62110 38581 53321 24641 2987 57157 41744 12827 30702 28958 50800 55827 39915 5240 35980 27175 37042 30829 63615 30079 52708 64437 51980 33985 27212 43064 25794 21837 63865 34132 37304 1327 61529 33638 22091 60674 19881 38179 5767 23471 4036 45455 
34355 30003 28834 1457 59908 9413 34941 49973 41233 760 39150 1904 45568 12360 26375 13899 59572 27879 42503 23473 32121 27240 10402 58559 56788 47213 32722 9783 8957 62360 14422 30527 54626 31330 22208 2932 22154 55856 41849 18655 42662 63503 49450 22603 29893 28203 30151 52775 51602 50835 7836 62603 18404 62546 36266 27819 15998 23241 33537 58319 65272 42210 14181 49128 48018 8521 22659 20309 58512 35780 32985 42635 23850 48895 46185 55281 62665 10272 61405 11558 
28292 34207 25668 26478 6300 47888 60322 22733 25328 10487 47771 51898 32188 56211 56034 6410 22312 4205 29597 1090 27406 9648 8429 40828 38474 39734 51547 74 22730 46258 58518 32019 27749 63276 1372 27708 47808 50970 4202 24459 12041 63386 24754 16253 54210 60713 49643 62488 63422 3666 59058 28037 3195 32031 39734 50074 55148 49828 45849 61850 63056 16181 18689 59019 7825 15833 28525 42677 57342 39118 127 17779 6044 4105 2617 20882 57447 47301 50196 27175 
37935 59368 21343 32644 45681 44689 29882 35547 64541 22285 40072 1760 14694 42584 24311 57375 47232 63170 22180 16189 36505 48134 57812 36778 57798 58439 36694 64317 43726 50742 45589 64747 28252 30325 27123 52758 41858 64480 53501 25415 29250 12561 12982 51797 52708 59209 14049 60047 55265 27198 5815 14945 49776 16271 49612 17969 60005 13734 41873 64160 36999 61807 50718 27813 15619 57300 3895 3572 20599 25877 61530 18001 8840 63450 31731 14224 54372 54242 1278 14465 
5995 38331 12940 63562 61747 38215 2213 48204 22416 61768 42657 57342 20951 5511 62569 39126 26206 12919 53825 7150 34849 42241 36045 48117 5492 47074 54805 14106 19393 32450 39593 19455 17962 39410 43320 56288 26389 49697 57903 55361 11091 46008 10243 10580 14195 46063 49071 54053 32357 7749 8952 22775 31496 32240 39214 21723 58964 50665 62310 33309 38740 64758 13819 23773 15667 56317 30024 59960 20493 19848 48730 44477 43766 45831 25317 51510 27440 20797 38472 21899 
10556 13222 26238 36565 34311 40903 32448 59665 49452 51219 53564 7754 22390 56728 7585 49465 25772 58723 4797 33206 20630 56615 28418 63757 25168 21567 21098 28664 57873 38814 32948 18065 19894 45195 41004 63801 21438 49177 40088 62191 31303 12916 47545 30354 61437 39805 26376 22033 3586 5427 14557 40689 58572 20317 6193 32844 35195 24362 21804 57087 58350 46554 23691 65461 4744 6332 9044 55298 5816 35204 27051 49506 48272 13915 63049 22246 36823 9518 6317 22255 
14796 30363 10074 25921 30204 27900 63638 53967 20202 50915 7813 8043 10891 39614 27005 28269 24921 105 13222 50886 21616 35147 25120 556 25924 63038 59098 12837 23107 21661 48785 26377 43027 43166 52509 34141 41766 28307 27330 46672 14800 21456 49721 12815 21209 57405 18870 12628 44729 52612 18774 40292 24969 61890 31928 40017 21666 55090 30231 13143 36845 55898 23259 52077 58785 34155 60370 7028 11976 6566 46409 25096 42521 8390 17019 58656 26546 44043 52009 52258 
4202 57281 29789 18840 2156 20133 6455 51105 59879 56193 15493 65226 32796 26309 8783 64527 33909 12022 55046 39928 56270 40231 39755 46165 19760 45461 20600 11757 23349 7129 51098 45118 62392 17634 22467 43568 52087 10390 44064 60405 27842 33542 19945 36302 17830 9891 49551 22864 46614 32774 32524 16747 29071 45382 18157 5888 15045 28906 19193 12750 43104 40417 12115 7992 38244 62274 51573 24308 40623 22708 44406 39244 2490 28907 2288 58707 64298 6976 31334 4070 
55735 9274 14294 56881 37738 48162 42649 10524 24485 1286 15552 6630 28046 25192 28575 63422 30072 60546 40744 33748 408 29554 38244 22660 13974 23967 18405 43842 44204 40296 32761 26017 45343 41664 7383 33497 26250 50849 37595 61688 31920 15560 50717 31241 62901 36628 44183 27424 18137 44542 13428 33311 10020 38636 26598 33648 54909 43308 43075 3940 15014 5031 37678 17652 36007 15799 9163 23577 2199 1262 31466 21779 18583 60930 8564 36563 39902 17240 8513 2323 
31551 28419 1697 59897 48674 32693 30534 35444 54024 45240 30172 20631 57862 16583 7227 45360 37029 13957 60240 42622 3942 57983 64251 18058 58729 49792 14030 27903 42758 7197 63393 23228 60801 8076 45505 33348 60477 18388 53686 46396 34208 4708 35539 54596 11562 62746 48814 44305 57625 34050 37543 21505 27658 26141 10803 62688 37653 27715 34472 20417 13032 55454 38066 40390 21069 2213 10767 25561 63612 54233 58703 53892 53246 38476 32846 2681 10985 42188 26824 13671 
25947 40970 39603 9603 52698 46560 49686 11150 50987 59579 42984 64175 54860 37485 57870 64042 1504 54996 40472 13252 62901 7965 29192 18912 3206 32940 9679 34624 6870 15152 57729 17487 53135 34806 6011 55706 42334 50428 17251 20633 16759 1112 19616 25442 42310 25691 54253 28202 50126 4388 45530 59514 58230 28318 48210 30402 36988 25871 1716 17554 26373 12994 20888 56943 38668 61616 55889 40990 34464 58528 52723 16571 54910 15243 28220 35116 10508 4148 23771 36875 
56886 15566 23013 30287 60329 9079 46674 6156 2556 27138 54198 19834 44830 30566 19537 65505 34860 58127 6557 49814 46157 48867 19007 63344 10888 52341 21666 64256 30622 4025 31192 61047 19531 58390 10980 27438 36026 18897 258 11061 41653 10696 4506 64279 38702 19751 6763 4875 3364 52382 40397 5946 25055 385 41549 36459 9313 15449 56571 48947 16961 34096 18425 50019 36700 36134 51150 22449 1387 35982 34280 60603 54060 57412 24709 9297 43986 65395 16828 18664 
21207 65089 31342 17491 44836 10131 60379 57174 15715 28463 24338 16559 15617 65199 760 20437 7590 28790 41993 6127 34219 34875 21456 12431 10028 12061 13119 37155 45039 61182 55147 2231 36074 36134 11767 33826 58519 9513 29678 51612 62839 8538 26757 39158 16976 52060 50888 3789 19777 33958 16649 11994 5413 24072 43452 9263 8285 51177 63494 41303 59604 21522 16583 847 65235 2368 37054 25980 35870 12023 60201 54542 39087 37994 64984 51981 41589 38473 33279 28996 
8589 49326 45726 22575 59823 29848 55885 57440 59038 946 43659 52003 60895 12348 64260 61616 7172 52957 55176 3424 44594 38417 52126 64380 60219 38579 52718 58055 49986 11179 46212 56024 52665 40747 53441 26233 11907 1907 29435 44127 541 62461 42217 35800 59847 9842 54238 28372 43775 18137 47755 64179 43485 58160 1301 31503 53922 55102 17872 57270 6810 52707 1906 36880 19126 11825 33852 61008 11019 19185 24848 14164 13580 43837 29097 43636 37148 31421 46350 19200 
57783 1286 41494 37900 50390 64835 42238 22936 17193 21735 36809 16663 30642 47475 50849 11396 32165 3659 9440 60637 33109 3997 7863 93 28171 5812 21663 7865 5023 63761 56480 33433 22304 31233 13116 26040 20735 56036 56971 53655 12422 19051 16406 20855 16722 11766 28702 30776 16755 17216 22807 10560 7757 6605 57190 18800 54192 38161 64768 26492 12561 23621 17921 26734 50870 64548 21670 51684 10633 28621 53013 6363 19736 46732 38005 34923 45946 26293 47405 33007 
31442 40881 41592 17005 19782 54512 27511 48929 39863 680 37813 62898 28612 16554 11148 43221 16045 30167 45595 44326 27262 7101 28641 36485 20619 15301 7233 11119 36319 46328 11698 24522 42580 19844 36326 22481 31936 52826 20076 63546 60940 33591 25974 38484 6847 44225 43289 46289 57901 42973 64768 26743 29500 26210 37808 24735 37531 35851 37500 60263 28075 62892 42164 26162 44243 63220 3517 9107 38461 17057 59537 43947 34582 29502 23061 50893 63182 56964 26359 8804 
21189 48541 30917 57723 27430 14576 51036 52964 7249 26628 41159 15910 60235 13081 24929 26124 28374 5289 1241 63134 6721 50103 5162 12304 54461 42722 50918 3354 435 1139 38321 5948 36392 60451 8714 769 4687 7658 22867 22261 58895 41877 58079 24359 61667 18344 52762 35611 35529 61253 23039 59680 47359 37576 21764 16483 59284 59402 38055 44807 43724 3102 21907 54570 3704 36144 46773 54471 32090 33287 20813 3443 42594 853 15534 49300 43275 24674 25580 57083 
63995 56029 57980 8293 5939 12853 25814 41314 13605 17985 22292 22863 54152 65214 61245 43481 18916 39400 13402 35895 23737 46094 65045 52423 64040 42254 6622 20827 47118 9435 11730 36995 21355 42007 58553 54099 61115 770 56530 8202 58067 10294 50038 59928 51627 8912 56743 28469 56768 47320 17307 1004 5005 7974 54969 51034 1097 46653 26915 17221 44872 10828 6505 48642 44238 47523 774 8895 50302 1779 33045 21699 48607 19743 43862 22992 63097 59279 7582 1804 
7276 47829 32319 13829 8057 56821 2887 9710 15801 61480 881 17327 52757 2509 53455 46624 53641 3245 20106 37510 32684 3731 41779 21529 42894 51709 36409 42217 14570 18435 49041 63221 28441 57571 18005 11176 58340 20724 28348 26628 59726 49481 16301 54231 5353 33361 6653 26005 31976 18107 47585 35135 44190 9436 32577 12708 48866 57368 22815 30503 53193 17027 29374 29405 61072 45797 11259 17974 5720 62451 63476 65066 6276 46438 37425 57261 9734 19392 51785 34924 
30774 24907 30581 31947 4756 9064 38486 49503 65492 8319 41811 62463 8796 25119 65117 42367 9692 6854 44619 11039 2128 52072 28697 19842 909 498 28205 28730 13745 32047 48356 43682 10616 32786 23802 39075 63929 1009 61651 55744 49012 39745 53668 48683 56789 15203 24072 32122 43886 24387 43197 28083 23539 3145 49944 16679 49595 45102 59363 39604 43443 24690 48158 36667 56184 28661 58981 9900 20300 36639 6398 38129 44206 28185 45944 23114 57061 25830 39080 656 
58015 63573 20525 2909 20982 45534 27330 17838 35822 44034 48276 40081 49416 13949 62872 52688 43922 41276 58663 39737 18198 41490 37862 51529 39815 24378 31639 62357 64834 38479 25376 51985 10821 2674 6376 18057 62146 4567 53339 42620 20588 50174 385 2211 57766 61853 786 21370 10493 15555 920 41443 27624 32003 36572 43046 10550 43852 9144 10619 21219 18981 55239 33613 64396 17065 17245 62846 38984 60298 38401 1644 65493 59886 26025 10475 11906 3713 4272 1806 
20959 2912 11844 17538 29536 60848 50109 51352 42454 59167 50672 50187 33563 64188 25691 40968 19329 19318 44104 16466 49157 10506 8736 18260 42025 54133 15998 24204 27148 21861 23314 33953 41175 8282 24593 27847 36527 41945 34676 30917 6561 38327 58298 6584 19852 7214 25740 20275 28904 21122 53305 61711 21787 4024 32790 2092 54456 61910 37416 1594 31404 34899 49976 58523 18195 1305 63079 30262 35601 10257 3692 42206 52769 39832 41539 16382 50234 64552 40920 48019 
6113 65080 46806 22986 64093 19727 45592 60398 34978 57475 10584 18388 59603 29958 9408 28566 61766 19177 57917 59908 9870 58724 10496 22752 22745 56455 23013 28612 26712 52067 5476 51641 43209 44743 47445 26529 53214 47242 7767 43649 19150 63842 43876 59244 19953 41173 60874 27135 32561 8601 45457 6250 54847 31310 57951 27591 43991 53729 52816 27385 27678 32662 30301 61563 604 11798 39759 13661 6005 26149 54394 9985 14102 55181 45617 8615 20053 30775 35539 47681 
31430 16668 11992 34724 9764 16417 49078 31472 24581 64563 38148 12421 48920 43019 4462 55066 19108 41546 36528 49097 6072 44915 26381 52795 31969 55625 59466 62782 45707 61774 65430 20526 57503 50103 7271 9253 33643 2958 65020 45451 42040 36034 38050 13285 8009 2855 60827 26907 19918 15755 45139 40533 13640 7735 33709 44577 23190 46184 48355 13926 3456 64269 40163 51542 37114 21735 26769 29965 40224 53534 25351 18611 47651 44246 58728 21300 9418 60931 45673 44127 
48699 33969 62595 50343 36099 45681 5381 44455 63551 17968 15803 53391 59301 9267 30189 56689 53720 23285 23521 22528 46434 55534 1430 39312 57620 56189 31012 33108 27295 64215 30233 5301 14956 3662 36679 32562 28863 3856 57014 29739 34913 56985 64436 25167 1397 18144 13680 50049 52032 1577 14365 40752 56700 7986 22241 31741 58117 57545 47748 17677 41023 15241 59267 17803 53465 3402 53520 45522 23227 27327 25697 37087 16722 9760 46273 48081 63259 10928 63076 37218 
48112 53299 19239 15245 21258 22399 36104 65234 23047 51762 36895 25544 32093 26074 65204 15102 38377 18341 36150 34547 10623 38828 50897 34019 47984 12192 54552 53962 8673 50742 12257 56121 3173 42715 42514 31196 3137 34329 43014 62442 23057 44805 46835 33182 47732 63849 18696 45088 63361 61193 33994 27941 31341 25630 65083 34281 31635 34678 46782 2906 20713 23432 55654 61279 25252 28283 18253 30842 52958 58413 13474 9574 40708 58044 46576 50934 62170 41163 11815 40231 
28306 30777 59202 30617 52557 33594 50652 45604 21884 47779 33527 4678 42008 16913 17211 25354 60123 26540 52215 34878 15115 39731 46105 26056 57912 5379 41477 56064 55899 6236 64586 53092 22185 47426 5718 48101 19706 21065 42097 2729 55420 60377 18166 49310 58347 16103 21600 51034 17756 52651 49693 44307 57513 4139 46957 3012 14977 2667 48758 41672 41988 33430 61435 41839 51853 37129 64170 39874 15737 24686 50881 34000 25551 33465 23110 50343 1841 63151 37166 11395 
2872 59494 64424 57655 12309 11784 44504 63513 16916 13293 41044 39589 16339 40625 11123 11453 35008 15502 39243 48522 24427 49206 40554 7914 13090 31961 19309 31483 43219 23617 58592 2801 40481 61960 25925 204 39716 53747 31058 6670 17334 32746 44646 6755 5265 11135 65443 26385 32240 54577 2220 42982 38656 56672 27320 48327 36437 15761 14231 37876 52888 17818 62948 27648 1478 22282 5934 45635 30923 48770 34577 37361 47099 21026 10102 15292 42378 50250 11778 3907 
29051 16955 25918 14040 33826 49548 28836 8346 8959 6194 22740 16516 54597 39373 13592 14096 3933 12092 28105 21157 23407 64799 26543 62643 36982 54564 24788 59305 6774 14688 10886 63009 59835 44671 35699 18800 5463 45814 25673 1973 46222 56842 62082 19323 18217 23687 62796 43922 30727 13965 23351 59996 50829 60820 17659 8085 53796 3820 50002 53663 57156 31786 32976 45976 33231 64593 27171 19860 33792 23430 12402 49797 30907 51005 11226 18057 50947 57262 60016 16554 
32108 18757 9129 6207 53762 28836 61153 1291 1180 41897 25892 15252 44262 29691 44681 918 61857 4997 58293 48371 40842 47147 24770 62983 35198 38356 33763 6859 60586 51232 17260 50986 6289 19032 1652 45565 13540 13418 10079 64260 50211 40833 25152 30928 18706 59934 3238 49549 35832 8574 4913 14443 15780 56763 38728 5602 27031 41841 28591 6850 23857 17728 46633 36623 4787 54413 33800 28154 31183 9905 9333 27778 61942 23012 11317 6758 31110 62270 26228 29136 
13018 40716 21335 30863 22715 56893 56275 2877 23218 12142 55751 4174 43388 33533 34265 35096 15147 28565 13610 23464 34661 2838 33956 12546 31604 26174 43590 43144 31256 25522 8275 47268 5358 59905 4191 55294 32655 64253 63847 58250 35953 51734 49237 35449 40484 14943 56054 6645 6974 14845 18848 50017 62735 52578 59999 25425 64182 44423 40965 62841 9771 64672 8925 61702 6796 27064 15614 11611 60280 8323 43947 19623 45371 24940 12846 36714 34495 22907 41632 59319 
30084 8537 32392 58511 18803 16344 35046 39807 34478 35682 21457 4407 42710 33836 46388 1700 48466 56635 30386 42460 50909 46403 29236 35301 19886 45504 12307 31760 11689 8288 27680 3478 20226 25933 44187 34266 61662 49980 35808 23541 25192 31501 53420 26980 63322 57651 45257 36076 55706 50560 64867 63918 34423 20820 2571 60389 47871 65262 24080 35329 61976 47332 23038 41645 14347 47567 45959 9136 28776 19542 8781 59111 40750 26872 20008 21161 24110 58146 20831 60358 
60924 48856 22802 56193 22412 17390 24595 22310 4266 64640 45848 40723 23224 51571 2052 13697 23246 38787 55010 32091 39644 43080 60446 64049 49037 23452 17883 33772 31973 19626 665 31466 30341 4424 34162 31701 20461 6974 9101 14549 3105 21952 36640 62096 9995 37103 49510 34572 7750 34130 9976 50184 9541 45810 62646 11245 32824 21203 23385 7006 33950 44041 47142 32239 52073 31269 1128 26952 7540 29312 2049 4865 8218 38801 43832 64984 24380 30170 56566 60879 
63242 39617 42530 9504 8259 54720 13838 45181 20117 53660 64254 10659 31061 29085 37702 65195 51041 34243 40310 12569 17028 58878 61338 52924 56970 14333 28621 13252 286 16238 1230 7861 55173 14770 20315 12981 29092 2675 44846 40813 31111 26434 14603 53879 16487 52877 20478 4452 37306 40063 46561 29430 59367 35011 22168 9422 65435 47476 10006 29391 40400 44211 11935 5457 2350 41328 33028 59029 37327 1 38794 47238 45280 53196 64997 16244 33784 35203 43584 29426 
20645 29310 10440 14997 51309 41726 24422 63260 52607 59452 2436 26394 5081 16404 36722 29063 51048 45506 15642 43719 9966 25982 43338 38554 9091 16941 42631 47747 39397 30841 44446 2415 52743 25911 42889 4264 24004 21707 53952 32215 27195 9034 26956 52003 55398 11401 11678 64267 61738 1734 28738 26410 36244 54549 42842 22168 4849 8792 22448 32623 12569 46619 57841 23132 4457 27598 30864 20402 36589 26232 30643 18396 14067 1763 22449 48826 12875 59265 9723 59223 
41727 47376 9757 8627 11657 60241 17724 12258 40290 2770 48407 32221 15969 926 42811 39874 15898 26057 23957 6465 4008 12379 14272 53523 38658 51766 42354 17276 44402 18480 12816 40680 14533 54370 35886 8568 62006 61626 45585 65305 40370 40238 4450 9976 10181 4994 21275 51713 46875 8762 35847 57119 38278 43060 37286 37036 28828 29309 3716 16595 2206 36896 1727 59289 63620 292 19845 714 45085 10916 21068 28957 59690 17639 32016 11768 55824 57703 6201 40619 
53971 38218 32787 868 17170 29173 59736 22599 50860 51761 8937 51562 46658 56778 29649 57145 7236 26365 3223 52361 39018 58632 8592 21573 55934 11257 5791 64097 41013 39773 21664 23211 61210 3389 11273 19291 6212 17974 28083 8720 47345 17817 17261 40050 6182 63400 45669 56747 5115 40241 50350 1144 6384 5830 58665 52949 34528 28075 21609 44527 16876 55637 63467 38353 41449 19436 7054 17290 39699 47907 37672 7767 40551 58454 38431 24415 14301 52316 61365 15280 
38191 63543 55296 58685 38418 62288 10840 17219 40361 48015 47582 3027 21411 8581 14941 54519 58577 32842 2288 12261 1511 51261 13532 63743 13081 1613 53117 57011 59983 26233 23917 62521 2207 65296 55819 45201 21034 4146 33870 22923 48577 42079 29176 45151 33611 33012 21064 8951 59824 27766 20732 41902 38358 10796 48402 53644 58255 2066 63742 45518 53065 23809 42991 31865 41471 21851 1527 38433 44266 46579 17412 58576 64875 32026 42323 29362 25003 38445 20396 39739 
64406 58535 59808 40283 15126 134 56014 42670 53816 52898 21169 60455 4359 48632 38139 21087 18889 37407 45518 51699 33481 27647 45008 13776 13941 63892 17862 15748 26641 46977 21679 36254 16614 53730 20279 57241 26191 12183 24133 38953 27097 7649 30585 1645 22241 56471 51150 18953 35314 64360 47040 43818 9881 13360 16425 6553 24086 22946 37600 46362 7677 38226 64486 61055 64326 24322 50409 53526 58605 28769 53663 53017 49524 1350 35018 15894 19474 35986 45763 52689 
25848 24847 14079 5476 14188 16643 4031 14530 14551 9608 63592 26728 14086 35955 28683 38866 34583 65253 11015 55810 39438 27520 11041 31488 57930 9625 1062 7981 33531 9461 1508 51210 46505 19217 56120 17188 16409 7955 21222 53043 15004 4067 33486 31215 55984 63696 23468 28047 34761 61957 56755 55367 58318 35079 37229 27621 19718 2764 43736 54686 9119 26140 36680 37024 35915 31250 47056 34763 18867 53843 26892 42794 47617 34279 14001 60002 10739 55708 9258 53324 
60642 6773 40119 16465 45843 49547 20701 53810 6827 28601 45983 43948 43674 38606 61317 32571 45433 33050 15344 13467 54287 2851 24283 12236 13679 51938 63904 50850 64471 29440 50315 51140 35819 50230 2633 46815 61176 837 40791 51034 53910 48598 2251 28786 57832 61439 54701 7289 161 10611 55680 59715 41556 5708 8090 5747 28642 48743 22721 32081 4683 57629 9492 18832 56901 12448 21334 32830 1643 14167 29744 6198 8723 23745 1399 46461 18274 65467 37937 37420 
48207 10813 56495 1361 16646 2336 35442 39241 63475 10073 53276 5421 29553 33781 24115 31258 55533 10793 20178 39095 27682 17679 49965 41753 54371 47243 42824 48126 58016 8797 22037 23382 16590 58527 46329 8057 7981 6063 17120 40315 34106 48067 9150 18237 47029 18225 1553 15566 10247 54911 40644 65052 23168 41036 53396 46244 37837 33362 59433 48617 13097 44457 42914 32793 3045 44203 19601 26778 49299 17522 18093 59127 27006 37381 13016 61830 21769 40763 35239 52309 
30188 16437 9160 27023 45494 30083 42776 53982 50627 25150 46290 24220 62196 1670 7467 4647 19420 21909 64299 21504 27942 42309 9726 9429 56582 58461 56024 39859 16593 19047 29974 61716 44778 12439 1486 22263 19994 34611 29791 24538 13084 58174 34608 56257 8492 9726 33463 22324 23996 56248 3170 54911 12012 52885 2491 62641 29350 19148 22242 49624 19639 3664 65257 272 60752 49200 3960 21551 62562 57775 20788 15093 44625 48562 44111 32065 26465 51317 61717 49903 
42574 55320 6608 62506 20236 3152 44090 25628 52486 24510 41304 29276 26768 28419 1111 14347 46355 24683 15467 56597 10862 11192 12458 12596 45474 30471 28146 23476 9269 12329 64683 54065 30808 32929 34865 16442 18204 35144 64455 30071 19312 101 54754 36837 9937 8867 10307 54586 10608 21854 45970 25664 395 29300 43014 43709 54378 44248 1851 42083 64716 20873 48346 50602 31903 38891 45217 10975 59829 44927 34112 34097 1374 1015 28359 15015 28513 37027 45812 4742 
29014 24517 42653 54308 10233 8717 56800 1763 55624 61400 45877 45987 46768 20177 39573 39224 3017 11747 33699 17081 34218 22741 3077 18121 27283 11612 24865 16478 9543 33141 61575 52167 5036 44726 64433 17131 22070 58598 64376 18312 25169 33747 21988 56131 21345 15111 30566 16440 121 8801 57438 32135 268 39119 36381 25232 21819 46048 43669 9803 60379 16862 26658 61012 28933 25798 30210 34807 17595 29588 285 49990 48264 376 1609 25876 35095 21862 10505 22996 
21617 60273 41192 16770 37934 47227 35643 60324 62183 44769 5344 60245 47849 36656 33910 32257 42912 41819 56539 11820 39412 1621 25193 27890 57109 20097 12234 37357 31377 52901 2595 55279 46617 64075 24616 1021 3871 8011 64587 50904 43025 53079 20271 49806 33378 51401 56794 15944 7171 9959 24843 30279 13623 57778 8655 3300 48612 41404 15743 54997 62847 19559 16470 26445 49988 55428 47385 38010 58461 8148 7863 53262 2291 59824 54805 1620 24611 40686 56684 64723 
37999 50431 9251 15322 53158 3757 34918 51961 20614 55243 29998 62000 12508 30155 38745 44792 18421 31057 52593 29849 4313 35700 25090 10904 2839 55587 57476 21911 23665 8104 15872 8083 17047 61966 19984 44319 59886 63529 36610 65144 9509 6751 41711 5897 15193 62251 1361 65360 43938 22513 22534 22684 15781 36324 29574 26304 25591 40533 61719 1607 60432 42442 3120 14667 38521 45445 38477 12403 23270 41113 19123 26392 34938 46481 47821 42497 46410 38975 61670 31052 
25287 30174 13554 52487 25768 24133 29946 24070 51915 30469 53103 11382 26835 17971 38464 57625 59985 61979 64841 44828 11459 4429 53950 40754 33514 8994 13118 55058 5198 62923 56516 41877 11739 58969 21715 36118 41686 9043 3510 4894 55485 58105 34265 43021 55120 17589 29884 31530 32251 52668 63224 21604 63797 3938 14909 38795 22722 7925 13455 30915 25818 49139 42435 31790 40096 63116 42172 11622 49831 42204 24394 4062 46827 38567 62934 63321 52451 13383 62058 38500 
64095 8867 55264 15628 36050 38764 7759 42024 54814 49332 19002 9894 28506 35267 2915 61646 44311 42206 25467 8063 50131 56426 24117 46941 47970 73 12319 7354 33244 317 50853 37634 1405 63668 6602 22853 53022 49088 46658 25000 61230 30529 35040 48838 14970 38908 45583 29916 25310 8324 34244 23110 44921 33335 37155 55135 17872 40863 58013 55660 7785 7734 40038 34820 164 31725 8785 56139 61497 14213 16737 429 23942 21985 65458 23866 41142 61075 3715 15457 
7967 38288 36481 4923 52830 22 22949 38641 41744 63310 7200 49373 53241 63988 9735 60836 61092 34455 62479 64480 58514 53805 64954 62819 22000 17293 16698 12008 46043 61360 24369 7945 24712 51963 16242 5893 49873 25149 21072 24919 17490 6737 43343 38592 29205 14094 25540 7964 64440 6372 45298 24367 6427 13392 6413 5035 14987 58092 30518 16646 29 47763 52779 10286 50119 1294 28923 59517 9642 62849 45684 39958 14122 53467 63664 38828 35317 23727 11247 8708 
50672 25711 35663 49410 27066 61360 49073 2351 2762 42299 60395 64583 36647 52736 56789 43724 5910 55985 23593 21343 21048 57874 52951 2244 50507 56603 60135 10006 12889 13605 58651 46068 61230 40600 10841 4410 13575 36474 56974 56703 17726 21776 37885 43572 28990 54917 48972 21131 6430 63953 58139 49161 65112 7169 58818 32961 46107 23334 20984 3694 58548 6544 28524 21114 23871 52227 22359 22652 55952 12950 28158 60243 35113 27185 19412 40536 23955 54409 9219 21898 
29519 49564 44442 8277 36502 18557 1603 7853 31306 27278 382 63143 49358 11280 62003 26132 41768 12328 16841 55533 41834 52468 21819 14618 29824 38308 44174 54543 22395 21037 33467 44849 57330 30374 12248 61979 28925 31983 43698 38335 22961 38193 47023 29595 27488 22745 32266 5119 59237 32696 55864 60031 12515 4462 7544 64200 53905 32105 64057 39274 46797 21429 64079 37588 62041 63729 33888 6087 19166 37081 53347 57216 7066 11572 19949 31597 47330 14739 14039 38117 
57076 62914 28998 6295 14015 9339 13585 43542 24804 26239 40424 45965 45327 2556 47495 4376 11448 64463 5220 23076 48599 21061 33435 17300 54181 37457 35840 51288 13054 9462 28983 34049 15593 15342 38200 40048 5298 17912 60176 31436 13216 12354 21244 64688 51952 29313 22453 55830 30803 58859 44055 24731 28944 22550 12320 6869 57345 9057 17330 47352 16824 19145 8956 11787 15077 43227 38481 42950 45065 25473 53951 17387 51565 58814 34654 7106 51760 25219 35692 34939 
42116 44365 15052 16950 21744 51968 9229 55920 30263 64154 24292 50859 31977 5696 47548 52902 53266 39189 53511 62901 33026 19878 53152 37514 59460 17261 41857 28733 13127 10431 9530 19268 29529 43 49061 27223 46741 58807 57364 52237 1381 3969 6546 51537 1597 14813 59766 8387 27002 41263 5839 27079 50052 21402 51135 27632 12065 30219 64305 38285 12654 11493 21643 30644 28311 59173 9322 21196 41066 35718 50702 13646 29416 15843 60086 28551 41691 14089 59925 46445 
51104 56851 60799 54264 55110 62995 22261 37507 54970 14327 41944 56725 17387 15898 50011 34476 36890 30470 38303 2946 43645 2617 11510 52048 27940 50466 43717 22447 46934 7344 35153 1453 2077 38660 51123 2722 42012 29603 45464 54468 16954 12216 15517 56240 7474 28325 39869 49135 61702 16791 63866 10986 24852 28330 56704 12649 56660 3257 59530 3557 57546 44095 61660 8290 49954 39580 44594 23091 25619 8691 3147 24909 46207 913 22128 41669 36352 46018 47923 24767 
13853 15089 49378 62357 24066 26249 26854 21485 13790 47726 26868 50057 44087 30161 19311 58815 53740 26075 46550 47045 28409 32294 58917 62788 10642 43090 3301 35195 58150 8327 54749 45089 9976 15000 28524 61606 4268 46661 16609 4821 23356 64762 9986 8511 34242 14525 18445 873 65242 19411 12383 19628 43847 14300 44668 22171 1496 29146 55820 14082 54496 47982 22685 35827 64728 50622 5184 28226 5468 43951 61648 52625 21985 9091 53893 36795 51781 50258 2560 31322 
10252 13328 21123 64468 18546 11192 43470 12267 14516 12188 44533 45726 2689 39709 50998 7003 21904 11151 61886 4083 52966 29555 13556 30820 63181 30946 26457 7421 41585 34396 52626 22762 61731 52022 43996 7442 5844 62328 13283 47473 5085 53107 24019 60689 42123 27117 5413 38208 18257 59689 15264 28144 38592 40509 52549 62805 35329 23641 45369 59418 48343 51169 5342 55364 48537 20317 51113 19374 7862 10510 16794 52509 58155 45937 29408 59944 60818 436 3884 24224 
39783 50686 27466 49530 64409 30203 2283 2255 27791 32891 22475 3880 7342 18382 60117 63647 21611 59725 53322 18870 38224 2327 714 35410 52775 20170 30066 27472 28366 48634 22924 57312 30006 28076 29685 4452 30484 42880 11362 59704 15521 8315 38388 17459 16105 24167 47302 18028 1909 29565 27515 33967 40797 23662 24066 50760 32169 19638 29327 6240 37654 18926 46351 31193 17524 14318 29240 37503 59596 56661 13459 57714 35426 50650 48914 44650 21762 40453 34996 50837 
1333 32023 47904 35075 65155 60091 2551 58707 64087 37194 35176 2962 14350 59515 49526 36330 44435 15897 6808 3231 11637 19506 50057 52165 56499 30537 40133 17541 11380 38293 56336 46230 11904 62038 47563 25140 63057 7853 57324 30650 18307 8891 29151 47387 37953 35902 29231 63989 13187 59848 60226 54415 64098 39789 56752 38639 554 2427 8427 4701 4422 9599 57199 9252 3008 65 23016 55445 51213 11930 34601 51952 32563 64862 38657 21836 44631 11196 39487 41145 
24013 40194 30154 3073 59802 58261 36 64024 33521 8054 1841 49722 61325 17231 15832 12237 34050 21339 16999 14500 39415 40134 51904 6515 36436 26532 44460 19214 6102 9990 29285 61779 9123 62003 41995 37388 18194 55326 50608 24451 10875 59786 61703 30048 49909 24203 62266 11457 38029 31976 18892 30364 15815 41648 16460 22396 51548 17134 30110 49984 21685 28141 29097 24269 47522 16080 60074 37965 1062 11240 14642 44857 50282 48369 43638 29339 41468 18203 31542 6620 
33182 14408 3608 38073 915 22193 17414 16211 63506 17017 31861 41396 38301 12823 36536 17837 42144 31903 19082 50423 53755 35555 8596 7794 50811 48175 5633 24930 18098 48242 57197 58818 32788 14021 29626 6333 5990 23479 28119 21152 56085 30532 27826 40117 27680 35024 23367 53146 53491 42490 540 35427 25176 21116 24644 1154 46060 11376 21613 54276 8780 3098 52070 22767 57875 57607 48545 64946 20869 61480 62796 60707 28785 51671 58040 34155 64175 33432 27961 25199 
55920 13181 44769 47114 33118 45616 40158 8163 47334 53806 34710 41123 59679 18523 65218 42405 60992 28996 2642 40329 53633 603 61197 31663 3064 17298 42358 5588 1904 58606 2297 57188 25526 37979 31223 63928 33182 47576 7761 6302 33636 48600 16485 46960 12763 19975 9969 12814 32276 63663 63566 17284 61051 60055 13027 14103 24422 57121 51356 59297 13039 13644 25364 58504 11715 55604 53152 40957 6676 51944 36298 830 63215 36091 30961 47618 43589 1474 22184 61058 
51074 43645 58479 21822 54543 19323 8742 20489 12570 55456 20897 21996 33265 2368 17913 23813 49017 42142 20990 41581 6658 35303 15522 21821 46837 6088 49280 1149 51555 6922 1408 7383 32659 26850 47953 63646 63800 4476 23670 41879 38039 7170 10515 38792 11837 466 10915 63671 57375 31687 27881 28869 63211 39931 59643 26316 64241 53930 41807 5755 7366 1354 14072 61855 24474 45704 57803 12964 42383 11287 3634 3101 5555 11561 18683 35470 23538 44330 36313 43522 
3119 47607 32728 50865 47932 46065 34220 53906 40663 21601 17248 19859 28360 12861 39302 59926 14537 37807 37033 56840 19753 5460 21001 28213 59298 55474 41350 51796 8450 3313 55504 24637 39700 51771 20045 30627 14910 28235 29918 32039 40727 34690 31774 20716 20072 22440 21732 14546 43985 7095 43858 38292 8274 29143 57440 61872 17623 49173 51976 24085 28383 16553 28066 46012 31881 5010 25294 3435 44294 6224 28224 3294 33586 29708 56821 26539 34782 4247 8655 3828 
37831 50740 52140 31157 21218 1562 39941 29754 57324 28018 47720 2741 32113 14279 57248 15769 26945 27133 55150 44449 30136 60275 50867 12533 18421 25728 29572 17572 35458 36918 49959 56714 53661 24919 11067 54108 49843 45745 7805 12294 33294 26832 956 59016 10720 63584 17550 6513 7539 48951 35264 59809 20834 54745 32762 54866 39526 63387 60567 11360 21730 895 64171 44956 38840 24780 358 28139 59073 49832 18852 26819 55325 33324 16003 56108 54093 11478 64412 58903 
19269 46285 37201 40819 26237 57037 64279 37932 42992 38889 50405 31192 20928 26155 33568 57521 37669 6928 47158 40073 7328 52950 49896 60139 31067 20811 62953 54899 29138 38150 35040 50008 2869 16509 39148 57888 22621 52547 5112 34333 15107 52117 41612 30871 56999 2384 33621 33677 43793 20982 41233 63882 58636 5300 32508 34393 29242 60141 62454 10532 28961 14885 65309 33537 33213 60971 2318 7228 44675 59167 52162 59263 48998 21186 13808 34298 44634 39816 32210 22437 
62337 8797 11654 60073 28554 2441 16193 31048 50037 45573 18416 41079 63519 41922 23177 30080 16696 19097 54902 19144 1804 33100 17754 17653 50846 564 12026 1241 57004 40202 41986 34624 43623 21498 1820 50910 62228 21622 17087 16701 36966 6124 58909 59001 50528 65023 38413 20125 22296 49489 16730 27741 53338 27868 23103 7286 61834 43525 20775 40049 5121 32746 8111 60034 28959 54525 13315 59111 558 6006 476 18194 26703 51982 33173 53246 496 16292 7791 39016 
54777 16903 44735 3673 31921 3418 22972 29172 17795 31617 42114 23726 39783 51219 50808 18789 52704 42606 46171 11661 55959 44954 36692 63070 24209 39920 48479 43398 38129 4766 53780 63451 59248 7316 21266 52441 34056 25085 40450 59700 51771 65446 32194 57442 6854 28189 20227 36047 1090 53824 62340 34046 7052 36073 16214 46625 64321 37165 24309 35767 25743 26262 24525 59910 40137 47972 23391 2267 10077 12410 3042 28741 40036 32807 29441 29972 1459 35619 53009 51600 
12656 64552 50518 955 39624 21350 6866 44493 50462 45711 14804 4016 846 42248 4093 15930 62348 52796 16230 42389 1582 32984 48295 55350 23706 47590 45672 54774 25706 34838 59798 46548 179 38404 22024 6727 13460 32054 51652 29442 57393 48333 63102 18513 3521 53071 38584 54393 2356 55172 42518 47987 36074 52199 36374 32013 27601 225 52382 48440 6554 53687 4523 18365 4270 31259 4364 37232 28216 62628 40000 27285 43917 27232 46249 21131 46112 32405 51828 57514 
58771 37351 36948 38037 32942 64218 64236 9471 53478 7844 46840 21459 38259 12515 39099 15113 27731 29934 61512 64307 37566 36325 23420 13347 16965 45555 50167 25686 55343 47441 42695 61242 49484 4033 28076 8843 257 36372 25430 35040 5375 40664 16538 12897 39016 35252 57357 21065 56599 21230 27902 19246 9706 51836 39802 11995 36400 35183 53474 59284 42883 43129 59959 10474 23756 4625 61777 14281 13954 41084 21923 33397 40204 45726 51125 55097 2938 63176 31349 48383 
39818 41228 11344 42008 56091 13518 5100 5266 49960 7911 24930 64021 30162 25230 4240 51081 61086 14582 16746 32193 8611 19780 27091 59016 10502 47064 64399 63301 41675 25001 31072 24437 37319 33518 30074 61367 45887 52397 40658 18958 47268 21057 46036 9620 41817 2554 45167 33977 476 5480 2134 3700 16923 55465 36438 43207 9374 64301 17551 12050 43007 1186 41597 39589 37122 7087 46380 21743 1348 55350 20559 55956 31749 19809 63107 43133 46464 63216 13947 64598 
16802 24790 16937 60951 58205 56072 18250 43163 35678 33764 29295 8291 55680 32749 43241 55161 37962 57691 60949 7649 38335 1311 44679 41048 41910 48071 20637 15894 62334 14873 14919 34548 18914 42245 14273 2409 48080 43657 48195 42045 28446 30240 15406 59865 29241 52245 13701 31506 47960 46942 58110 49305 53073 2342 46595 60302 3431 58589 5604 31042 62121 13471 39008 42902 53193 18129 8125 20885 29324 31394 2078 19889 51167 24347 325 26082 7605 7197 18994 2510 
8873 52418 22538 12660 30995 62246 4679 38583 29542 47083 52784 26778 47182 41466 18539 7292 64616 44410 1942 7944 35589 476 21255 30579 36454 15129 19755 18555 10346 2042 38462 56298 3508 59160 26707 38389 6223 37029 12388 12740 14199 7008 4240 35356 20049 43472 46732 30517 3872 55691 25709 27340 1873 59411 905 63104 34484 49059 30140 53311 56277 43164 65482 22177 32286 34398 40877 24393 60571 57013 24884 11045 59158 32557 13447 8416 51579 41661 59726 55344 
10635 18937 20408 28728 61598 11384 9250 14779 16997 26636 2132 34632 21097 39701 9059 41765 53716 5672 38496 24032 54605 55505 57845 1192 52084 39750 62881 42391 19603 33730 46067 48358 5125 42836 22894 12644 36749 10282 7361 38365 39303 48125 21426 55091 41537 4157 33245 56316 41009 16456 34949 10330 31713 35222 32087 32983 20631 42503 40552 17552 55344 38622 8688 61423 63019 48064 41443 38595 13470 46694 16333 51413 29713 13486 60439 21284 52747 7764 23773 45596 
15995 53688 20982 65059 35029 14475 60359 22791 28732 29266 1780 8346 44921 50427 19762 24414 58612 27659 39314 48511 7864 60170 63338 27223 53703 50170 41504 44474 9091 24047 59853 64610 61028 1451 53916 43614 47413 64467 55674 6215 17109 33788 49366 13967 42092 21775 20940 23802 47584 51238 9681 32209 2030 36774 57295 36010 33839 1946 16989 10591 53927 29955 53217 25763 13476 5693 40783 14715 3507 34981 28943 4135 9718 14916 21994 20253 57874 19717 38431 15284 
56946 9528 58880 9470 10197 57654 49907 36387 2334 20797 11275 34713 25723 49169 34375 50525 19895 57979 18761 10091 46365 2563 63998 24826 24718 25124 21138 39607 48732 45480 22157 43357 24987 55293 37713 7170 2058 49280 48685 1317 54194 43861 20743 56657 41172 21511 1535 39846 35132 4734 29452 25853 21638 32030 18167 12655 59789 16621 8912 18936 44344 47877 39780 6865 51791 16687 23504 47217 52137 49930 47059 11594 53565 56309 35958 47025 50157 60646 51554 33779 
13575 53517 27470 16686 48911 18839 63665 6211 58649 48635 6693 43838 59490 15717 40925 17783 34426 26044 40963 10431 43810 54773 59704 28097 57968 16352 41320 55976 33604 15247 55653 63493 38795 20903 1195 38561 60605 21408 23246 42054 60701 14803 53061 6224 11401 30122 54502 26062 52081 41983 12764 32746 42806 62606 38124 16194 31995 4239 36242 40650 31935 49162 33316 48662 56655 7603 40118 11717 28968 17905 47912 34847 65097 33891 49550 17911 14242 36850 11226 1884 
45085 6229 49837 37056 26733 14826 23524 23480 23224 58889 841 23187 12802 62642 14477 26374 8478 13694 50549 6048 40175 20856 5012 21249 36172 35474 25867 52097 53162 62698 48194 61666 56139 49451 60574 52898 10838 33376 52555 44087 3693 60205 7151 2694 30434 62417 23392 4228 2835 55147 43643 33086 50728 4796 55553 60938 62910 23270 36839 64839 25820 14830 54732 63207 7202 55441 29792 39790 23919 52731 27935 7646 38205 29834 56881 11246 25323 842 45134 6551 
51332 37645 19449 30572 56487 57304 364 44195 30330 48078 37631 38841 19864 11938 38196 51799 14946 39580 35809 12227 22383 45646 3409 61318 32798 55415 37649 2312 2867 56976 32740 65056 1613 16546 43717 64182 32769 23313 3061 4382 62955 40753 22982 27046 57316 1378 61726 6671 39999 35225 51990 18746 12627 55402 61154 51548 54046 28106 4295 37343 8102 20596 39619 2096 50484 32264 5657 56162 27533 33973 40277 16188 46751 40280 33910 47122 50808 46306 29450 38975 
20188 51338 56713 44131 22457 41861 32554 25985 36808 64815 12817 47195 48585 22982 10832 26898 2124 56866 54665 12011 48030 8784 46385 28817 35499 22840 8962 46407 32465 4511 274 8781 44110 61235 35573 44825 61582 33115 22842 60089 24493 41123 21892 25467 25847 32118 61387 28519 41012 7664 31928 29117 40562 4869 58629 56211 16815 51041 53792 27529 40950 40224 35012 11227 27425 21537 5845 21791 47351 44277 26083 58030 1214 16070 54508 3573 37712 1188 47004 17676 
80 80
10672 44994 39897 36560 48538 20478 16655 12722 10598 44983 56496 11765 55255 52289 49890 53201 60330 41076 54316 10310 48052 9107 56639 45365 26505 26366 5129 51906 44507 14992 422 23888 35316 29908 11528 61415 5470 58752 26816 63811 63394 5251 62773 63371 30280 5069 15484 25918 28386 9361 30509 33959 10226 32554 221 24828 55471 1066 21700 28916 11728 17146 62943 12476 33355 173 27077 34309 61308 8810 32156 59608 63717 9263 59575 6325 6629 32979 1000 29830 
1757 32684 64136 602 2784 55901 43051 57032 45111 61114 38939 44917 25375 49605 57815 60731 43903 22871 29337 36875 32886 1526 11677 51635 59319 30402 49117 12755 22143 35332 10723 8459 58407 31593 54803 54329 30172 32556 48879 33101 332 9848 7750 58407 19427 44316 58731 19241 18569 8274 53767 29990 52923 60253 15665 13392 25786 65448 45844 63430 20986 29887 29449 247 34427 55855 5589 41063 17320 29243 63599 48983 340 57387 41678 45921 31956 11310 59400 43888 
20079 50951 54516 18645 62258 39286 24987 18636 6093 5977 232 44900 62170 28058 2233 18790 40617 47981 30683 35898 48978 22192 32381 33757 51315 20710 26096 18200 56285 13229 52668 15295 36225 57346 64366 28778 37356 56237 26262 42676 64193 63589 63461 47484 62511 47193 27197 11856 60228 64794 31375 41330 13471 7397 56490 51775 47924 14366 545 34524 57028 47163 13133 16575 62686 1347 43870 31720 9172 31540 23656 55275 2072 51894 419 138 37063 10600 40785 58021 
43009 924 36509 13149 6226 45808 62469 35927 39652 1622 43167 31983 49062 64890 4223 62246 51207 3040 30278 2325 60879 851 18145 56817 59063 32334 60200 51388 41365 2501 42581 27285 62381 50432 46515 63628 35356 34134 35722 45763 18318 408 11343 56708 37003 32761 58420 42301 24836 16853 14420 47673 13889 37741 41686 13326 30530 7451 65531 29046 57833 51048 56318 40447 55011 21434 6710 53671 19843 4675 43846 55999 31736 50714 62074 3194 10495 39554 16520 16897 
6230 9891 41903 33539 23903 57741 56216 11054 46118 54148 10456 31493 46049 22229 19976 3028 11922 39146 10946 50036 45365 37063 24909 58462 44349 48149 38880 10220 19617 16426 6040 264 32374 6252 46560 12634 32994 62435 32278 63395 36899 360 60114 29637 43030 53789 65518 1497 27927 10141 64038 35341 6936 23863 22065 50305 2195 3672 61246 10969 13836 22275 53275 46176 31522 24619 13557 61520 26665 59708 41571 42159 29607 40540 13604 64057 50732 41259 44570 54139 
12681 40581 7646 46731 56413 17506 19845 10679 39960 9233 37193 15468 28551 60862 13091 18142 62687 52010 29752 39109 8573 53078 50744 12334 49441 13196 29322 43488 19856 65459 22743 58720 11252 24692 12865 61634 54880 49857 47398 65256 18223 52402 41580 39882 3633 28849 57870 46271 1692 44591 3692 35996 24330 33124 16972 37496 45760 17204 54717 17705 31356 19190 3052 27277 5352 19302 47022 2080 10079 12009 2512 62247 8332 4541 5466 55863 3265 60514 9443 11061 
28588 23840 20125 15890 61125 57256 11870 46374 2346 17716 7626 44636 17561 17208 61869 41801 58633 34995 26026 43427 13250 19718 23578 45322 51472 33737 5546 4453 52451 50112 49930 8170 26483 56250 28516 8589 3752 1350 28864 53254 44175 8362 34293 7292 34476 4458 18246 61898 55794 31703 21217 60540 3064 52299 43027 46728 61473 5851 2369 51440 5012 55715 2990 2452 39153 12023 8912 19803 3382 43904 46584 2539 14650 7216 21534 53864 49018 49805 30585 45258 
20877 64573 64309 41765 25407 48565 45229 48976 59495 11362 49313 42040 43734 19269 13031 12985 56272 63698 30863 57202 60061 62725 25800 34098 36822 35253 45151 53396 38067 32132 6120 19471 57140 51902 57562 13201 18264 26306 56556 63824 40330 48442 45299 43295 43431 3393 55009 46408 40498 3545 10807 19076 27137 7599 40251 46000 39430 34991 65209 37024 22641 27120 63281 58729 40766 5232 13485 15108 4155 58780 28596 59452 2615 21683 41657 45392 33588 10877 14968 4042 
809 41772 33583 54917 14053 16608 21870 45139 39431 26773 59994 14315 13606 59380 29263 18774 7161 44366 51891 12946 16374 43057 40079 62730 23947 29527 30597 46451 3498 7243 38182 62833 21027 20551 9876 7791 63052 64494 7973 51569 20120 50325 59402 29385 6001 30126 62645 23991 3552 25520 12504 39678 18624 47615 34789 58518 49209 40090 9013 40440 40568 59197 32455 55815 62195 49435 49110 19183 62213 28797 34910 20839 65087 61659 64870 23578 41594 12044 34892 44520 
18122 40714 51996 3896 61159 14604 54472 49117 30838 62588 16268 4538 37871 840 18906 38779 8244 38726 8319 43378 9779 34476 27891 52739 63298 23365 4887 6357 44486 49985 52557 34886 37186 55506 50698 49447 25795 59192 36446 46879 30652 48239 32612 12761 61793 9419 20439 44080 52381 37594 1862 32484 39893 15808 7001 45012 1860 7656 16775 46035 17627 61846 34224 30155 8904 58613 23719 38425 51702 8880 51385 30820 16071 22182 58893 45878 58136 49051 17043 47893 
15884 36714 996 37680 63837 45866 34916 37396 49627 18297 62260 53969 40827 16148 51156 18282 39476 41108 64600 27635 59812 47051 19115 14643 12955 46191 31579 64540 6573 64741 13658 59234 6947 28071 48058 3376 63671 5990 3804 20457 53573 26438 35737 26486 40595 34504 43178 41852 63008 56137 60094 22328 44406 9945 48951 64969 31515 56604 51314 44026 43246 15090 41196 5478 61331 18662 55594 48583 3772 17138 23395 24175 42442 56626 32798 54593 48111 31396 61091 62440 
32955 47239 56557 57477 23279 47517 25650 36048 21400 30777 62255 64706 23982 3065 1905 10887 15536 57873 22878 1350 58893 27296 55024 21564 24947 65086 6639 960 29286 50159 3995 516 53638 26088 42668 57137 10770 55033 16706 11146 63402 63319 9416 35128 2768 4358 15262 26294 63265 14344 14285 10887 24843 25313 11446 17666 47155 13819 14192 29737 3162 23724 38971 21789 36865 11561 42080 10669 22834 42937 6905 43593 10517 45095 40823 41670 43393 62411 49878 53528 
54798 6822 22002 32730 53474 13581 5198 48904 49051 40425 37760 2788 16418 32445 18328 21968 19991 38933 46281 21294 16258 29063 26513 37172 40894 34367 28620 28736 36819 45799 16083 62737 31021 12532 42261 45986 3165 14440 21944 39707 63673 10422 45693 6260 34804 6587 54291 21426 39923 31544 2248 9632 21508 35092 10148 40755 17801 35043 24800 14935 27827 44956 25311 36360 34805 16348 14362 42467 50053 13787 21286 2951 40184 37046 13761 59052 7967 58172 39320 32978 
31364 45643 9770 16061 34598 54489 18854 29436 29898 58486 52927 19712 24940 28638 41344 7313 45406 52899 9996 49464 33272 34943 30321 45629 65326 38342 25046 48077 4867 48710 7259 53384 43445 42305 44171 32499 64650 64034 751 24118 17170 53259 54980 26667 46979 40523 330 41367 3583 31680 44370 59662 550 7384 36751 1843 28428 30603 25367 12183 1576 61049 15543 45681 55017 1345 10469 11801 53632 12321 50688 13234 3730 31452 35571 35908 30807 39054 2765 65476 
31025 26099 62294 52514 57085 9702 13463 55818 1237 46291 65371 8421 48084 11456 1139 43096 12682 8123 41559 59831 59936 9811 26934 25057 21828 64980 22475 52305 55341 55872 9622 23109 37092 31745 26334 46225 30037 28598 56129 19607 59467 34085 26917 21429 19080 7666 45199 51007 62009 29871 43256 43542 1060 64729 60260 4076 37851 5062 59016 15954 38258 41263 54397 34676 43950 8141 9572 29428 58289 2287 47421 41669 44524 18969 7688 50566 58544 63867 53028 32739 
32019 53113 27029 52225 45626 7259 60875 47247 30125 12332 35604 18223 23656 10482 49561 42590 18566 57637 47172 65377 33302 54773 56030 2968 37165 58432 12663 35846 27673 47467 24013 27743 54689 22639 64170 63588 29582 60577 23775 40695 13311 2638 44710 62294 19276 18545 3211 20333 597 28691 65454 31168 14033 49576 24220 33213 58326 63505 8799 44347 38953 5828 43645 34529 3599 43475 24428 33017 35317 10734 41792 31532 14262 6546 24229 51136 48249 39811 17590 5066 
6489 24706 57648 3842 9244 21431 58523 20082 16930 30310 11985 38806 7339 21058 21885 46119 9129 59291 63013 28671 12174 57758 37531 12411 38933 30084 58632 45617 16435 25365 27263 1159 11237 37634 58049 15436 50872 9849 19962 11792 64983 44278 45231 58515 25499 34452 24292 23619 30526 44244 62022 27727 1802 4690 59837 15124 58360 51828 18225 34186 63151 30951 38714 57436 50287 26744 30288 28596 26511 53855 49770 14561 62845 15113 45660 59259 52402 65182 13708 29285 
27691 45232 44964 24534 41580 26752 16296 2872 42167 29140 1749 31 47537 14196 56761 59704 33974 11360 47693 19342 48748 49551 21872 13114 4873 20796 65117 60774 20505 42827 52916 30647 10860 34757 12366 16755 34658 60624 53194 55034 50457 64689 31122 31621 3827 63358 45908 12562 4940 49785 35883 12886 1775 61536 16176 47500 61329 51136 41045 13006 26133 36080 39297 63273 30426 61545 48527 5779 16869 39735 52814 34143 2817 9986 36964 23199 33821 4067 42385 51820 
49327 8050 56724 17085 15609 41103 12984 51494 29453 59664 18936 63978 11070 60340 4314 60731 28918 20424 17075 28164 28795 35571 13441 57581 17473 43775 3500 23631 44727 2489 65059 37146 930 48548 29545 50689 14907 34583 42253 5706 12801 30600 26162 30871 7130 54394 31046 35095 18040 49982 29283 40389 55860 7002 36065 26768 62189 65168 46063 28169 63864 59846 43032 61351 47512 43121 15396 55449 27411 38298 9623 46806 56898 29092 11406 25082 8752 39109 48798 47321 
15185 42034 42881 36302 28863 2696 8594 44763 30405 37381 44 51546 16319 60581 60043 30356 1738 40273 38801 49376 20103 40615 36039 28653 28161 42720 62961 37001 53849 13326 8878 58048 50536 55235 43825 25930 25612 27090 20851 62560 56242 11681 2939 1877 15194 39609 58886 34688 64908 2152 63463 41590 29092 19654 58889 33420 56424 37727 28249 50616 54808 1979 56812 26508 61054 33845 56744 16984 13045 4708 53318 55993 17695 38033 2253 23851 47804 39683 62497 29728 
29317 51461 7937 40825 39548 27380 18127 6000 46023 16230 1612 39802 375 22960 14605 55351 50725 64447 44186 14109 19735 45529 59328 8148 30027 22555 64459 15519 10771 62170 25631 3763 27726 3948 42411 24574 59547 34472 56097 27618 1462 52228 46995 65219 40691 17607 48303 11607 24044 16869 33613 63066 46011 15428 9087 57160 27684 10935 46064 1374 6936 22005 40351 196 49168 65316 58509 44870 29313 10020 37808 48951 45497 9101 4969 47244 29457 1609 37326 3132 
18871 38204 223 50828 12300 2401 62493 50066 45703 2943 4106 62578 53900 37836 458 46650 43881 31174 36857 8104 11779 33730 61858 51190 11891 27162 38784 49561 22856 52839 62830 42644 53272 19743 24748 8214 38353 45263 60205 11165 19514 22559 62532 19911 28446 43167 41168 1379 28557 53497 48969 24297 38120 56463 34942 39351 40420 47219 2958 57268 8808 57144 55174 13344 14109 5965 63017 19330 34286 2855 12349 58149 38580 24649 41426 7407 51281 34675 57539 59115 
49325 3656 29806 16871 33243 2249 61933 32826 34694 10981 8321 60819 17404 34987 12441 15521 28111 43036 42163 56474 14099 55462 53586 45474 14692 33329 9308 17080 58570 36120 15098 1706 5282 35590 39115 57315 19717 63710 4458 30512 34568 42164 26918 5053 45776 25429 27279 38547 6342 14471 35130 33135 53492 62615 9423 11565 25897 22332 47438 7233 3022 23016 59797 62863 4628 46061 18048 29070 44971 63956 53741 32849 63715 1382 17030 7759 41277 50354 26802 36143 
59479 5653 30329 17997 60873 64158 26402 63181 21117 4662 7643 58201 43196 18923 25165 35893 6199 31100 10734 46293 65514 55150 10851 50962 51823 4581 2510 42850 40265 50169 51304 19003 62073 28496 33665 13343 54168 60024 55753 31453 35540 35970 33280 18221 9523 7904 23381 52795 11474 27190 25008 13247 43491 13124 53186 10213 15075 61241 59469 56365 16781 64283 25640 60081 1761 16718 62269 40410 37700 8397 32576 48541 64795 30471 58173 62184 20033 49581 46938 17251 
326 9933 63934 37284 38341 61450 64292 53033 23166 56743 39268 25221 48787 39438 53394 13352 25123 50780 8092 59620 2673 51815 34454 64981 57280 7887 44044 24777 42375 57484 55369 18418 28586 38477 26190 17577 22560 30293 43169 49098 20392 390 24558 26196 23847 31631 23445 28636 53711 23175 34139 43228 44608 48178 37725 57155 23190 57017 17176 49146 35822 54703 65290 45763 19381 2294 44154 44684 53508 45468 59068 18278 29096 64471 27437 21760 63322 56991 28731 51005 
40621 36097 33285 42466 42572 46955 59486 52827 9458 3784 34307 34619 36472 29633 63292 47780 2865 57617 33587 57408 56946 46728 38526 8408 20245 19343 37736 21109 14500 8341 308 50634 8927 39323 11727 53137 4488 54034 2812 25462 9098 12073 33232 55508 18388 59989 54434 21869 22267 40339 26853 37132 62270 8819 22537 22604 13550 12934 2324 28979 1219 39409 2984 53479 56936 59246 56224 49594 56473 52505 27158 45109 44252 21955 60950 1753 8830 52288 36906 37067 
2978 46559 61620 46625 23494 495 43168 25824 38112 2925 33177 30161 45841 53823 57144 45517 56131 53789 57157 39236 2937 231 19800 2454 8299 25903 10057 17949 7441 7574 31590 59173 14096 8865 16769 20833 22297 275 47121 34473 8108 31361 50905 8529 55546 57397 3659 43786 32924 23474 35216 3863 65372 34074 6868 36842 63389 33143 51978 41569 57775 63589 18928 13655 28954 36010 15900 56148 44013 62694 27698 322 36668 8774 9601 65098 18238 63276 39454 23483 
48524 1507 33832 14625 16805 63190 45784 4519 31442 40026 63637 42885 37204 53505 52020 13995 5411 33896 7621 51552 60306 3395 47183 57471 21208 54134 6014 35648 6572 54342 35070 28064 18304 14188 44946 50352 49411 14735 61662 44148 38631 36643 64229 22329 30372 63857 13936 40388 22810 58166 54781 41937 31194 4179 63342 44654 15538 15547 22516 19497 49011 52795 44204 29652 16689 3698 65265 44591 36771 58243 31561 5479 53122 61331 58903 62990 33110 39790 12362 13256 
26189 34985 62590 56841 62810 2867 21373 10399 29373 19061 21486 65118 1230 839 43280 42643 31051 29852 26133 61931 5170 52243 7609 35503 3301 59722 5544 13849 33142 20366 28784 14819 9566 22405 293 59106 18063 32006 42921 62655 56538 5474 50611 3321 34012 29103 21161 57096 23058 890 32765 28814 40274 10966 62794 63882 64927 50342 23144 2683 11815 54416 10173 63703 59941 56582 59053 12464 15144 51451 31515 662 53618 15373 39132 2846 49843 18387 37703 27711 
15611 59279 38617 42921 29637 628 13098 26524 52296 12406 59954 11304 6978 38742 46246 11254 19675 5450 11205 46519 11672 36459 48438 25950 39345 61091 53608 12489 36550 39732 52150 13582 55983 64582 1868 42495 27177 38310 10866 45278 37080 18438 47692 20202 16624 35967 45384 9527 3045 37484 54139 18453 27862 25860 55487 23403 46435 52183 7233 47297 1248 27095 1741 16929 45197 9700 3321 49581 19381 4375 15507 36364 4083 24997 29862 35174 24487 12207 33357 31015 
18014 46818 3334 52518 40768 32048 19135 52681 25889 34535 18901 21325 908 4080 62669 47283 10276 36482 59429 36325 14821 25401 5715 57175 24689 21819 30348 21442 11141 65521 60618 23422 10298 18968 17833 38852 58132 1075 11264 29915 18889 14007 29342 14958 60971 48759 62212 61412 1014 11165 4603 51503 48735 61046 45293 30416 11623 47883 14336 15913 12249 289 5782 15899 11011 25644 11545 12813 64190 54743 33748 42593 64046 20800 22246 22618 35850 43420 19073 48429 
20847 45698 20149 27137 1298 62750 35968 14881 64747 47325 6860 55952 27314 18807 27619 10936 10237 15323 49610 49189 58804 20419 20674 63715 5447 41343 49911 55017 60 58077 9988 10610 60113 50612 2857 29560 15133 25362 19745 55694 3509 37499 63261 65110 35269 25466 61129 65483 62010 34358 19290 60993 48362 4695 44361 27763 26355 35755 26707 21866 27445 41697 17873 13209 26669 13678 45949 14846 29956 31347 14395 56652 58837 64831 62201 16448 2958 47149 34255 35178 
42389 41347 57992 51578 10199 31194 10965 65345 49182 24275 20266 4422 33333 44055 46393 62976 62553 46049 29445 11886 49481 64239 65391 64713 63153 29349 64175 41107 19807 34025 33323 23911 4717 19815 36516 8271 9246 15372 5487 58138 38001 20988 55724 3077 16186 10660 3033 14315 38996 41913 295 30438 57158 18642 60359 215 33197 3928 17763 33380 44109 17924 13077 54892 833 62050 15917 10670 7226 4650 40557 34873 26068 31603 45807 12246 43489 5986 62409 43103 
26612 64370 1033 50070 38817 10308 59585 22057 18447 63949 53108 23099 40829 22091 24428 35408 39276 28035 43747 48569 1753 30867 38523 15919 41048 55689 24992 59682 42337 37988 15897 52271 42104 29947 27339 37344 6323 24894 55599 36281 55146 59732 39686 14889 4581 17717 60738 10115 19222 57622 53044 10117 32105 38677 10289 53279 35856 14502 35819 26494 16733 60878 48664 49242 45520 48912 5222 26859 28505 59495 9423 38693 29178 55286 17051 39861 60456 45720 40661 45934 
5218 53674 22804 47767 14998 24567 23428 4166 50920 52068 10161 36220 61597 48665 45830 57368 58374 61488 60503 1415 19909 34388 23706 30409 32470 11527 43335 47712 64152 10583 59905 29959 47921 2849 4095 52855 30246 1806 60261 63043 49157 4291 56782 817 17309 34308 13816 64421 24643 39091 5998 52742 48117 24660 21228 4501 31202 31806 60796 12310 44024 24247 45350 54043 24866 33195 54008 1572 9415 13895 48400 35493 27189 36515 34386 35018 29909 5180 16861 14181 
21285 7055 2242 46346 34859 42301 13101 31791 14021 62739 51596 61282 25950 25693 60149 19002 21714 25655 34684 35614 1170 21732 24637 54562 56293 21530 18451 58323 18203 21677 58354 28715 1201 38490 60836 39894 20948 10742 49613 18708 51535 17188 57514 48852 28456 22998 45674 35808 40547 17225 17330 32318 53209 18328 42829 12121 11738 33279 39285 13898 21589 23481 23073 48603 2515 33932 57412 58124 43774 16836 47952 49896 58266 63406 34235 34222 48664 57552 51456 4286 
40911 8280 38932 12337 11784 38238 58130 53890 40238 17340 63529 64762 43729 52859 31861 18084 29827 40024 27233 20394 15998 33218 15695 59452 7798 64871 62819 52449 55339 5126 31382 28901 49576 64433 55750 50291 12388 14804 39547 18481 19977 53136 16378 58274 14287 27846 21075 41343 60136 16389 59532 56562 19118 34468 14551 40474 5230 51789 2589 27791 42392 62545 46849 3047 13058 26264 20580 13439 23121 32828 35320 6664 35842 62160 37445 55307 14516 12233 25133 37279 
34716 45246 15297 29459 41056 10554 4519 51391 10137 13256 6894 61884 55343 17240 23861 53132 52526 48337 25991 40706 9013 12352 2944 53893 46223 60663 4640 8992 56 9388 15216 16958 29827 4495 12021 57330 30926 34566 2354 46951 24536 36158 33554 23623 5848 57528 29997 23271 8711 50107 7432 41766 46048 6693 33719 31443 30187 21895 47217 31817 12994 8593 32760 37280 59631 62203 63753 39886 49229 27132 34687 10131 60642 63081 12009 29852 53171 2459 4774 61867 
61590 397 31432 38538 21326 32538 58710 55353 9160 30603 16724 46173 33365 24755 22835 37009 14086 13161 12154 60644 51834 23959 4781 33289 1138 35111 58812 22221 64380 64780 2528 40568 8125 62132 39893 53760 19352 5664 25959 38074 37309 44959 23397 57226 48622 43920 27189 2228 7147 55593 56065 7696 56001 34014 52313 43522 14202 54672 24591 59841 37297 58827 57179 34264 59879 45830 2604 60290 1350 9494 35322 12214 10427 21588 47712 42695 54120 18424 31505 44553 
11475 10721 12838 7148 34245 2316 4124 53555 15880 49569 25502 17530 62714 59849 23108 54531 63713 48662 5193 25204 6917 43469 42050 25592 41096 55986 36353 15148 43936 62214 48327 36091 50927 57520 9491 30022 44708 27450 39443 13616 62668 16066 12048 1481 40676 57492 49370 4437 47264 25345 13610 7628 63322 14005 22586 52233 31688 53204 33979 34184 52846 32587 54187 5905 33446 27135 21081 39838 4306 56096 15929 46611 45558 25818 23429 23120 20607 47419 27196 45174 
19038 42162 41536 58986 4772 7199 26805 2783 22554 20828 23067 56723 34120 52933 26395 56423 39344 20017 49515 61187 63014 9453 56661 31110 40837 59663 30351 42043 23920 60252 62011 30213 18654 51163 63697 56920 49666 19923 13073 54471 37436 52279 33912 1187 58226 42612 47043 24984 57519 2794 57426 51320 60552 16812 56742 62000 54345 30894 11993 15017 27984 59384 64918 9653 29444 47046 6627 62891 38538 9733 19914 58387 54941 31444 55826 6082 38555 27766 18763 29303 
49868 4006 43643 58138 15528 46390 8534 44165 62986 64874 56534 6015 5352 1955 5665 6787 42071 46492 12154 36824 41431 63124 56920 47904 51826 42111 52664 6842 16372 16595 40055 12035 34175 36768 32086 8475 25736 57946 47816 5955 22022 11395 30657 1630 27034 3531 41608 18143 8557 56577 62968 48625 5580 40289 15815 21967 28775 46987 51599 40926 1306 14650 60023 53162 22168 43689 43719 42769 2278 37160 63767 55930 26953 20903 20462 26113 40751 64683 8020 38284 
30976 49789 43215 58459 44545 63587 23674 4247 25827 63643 21444 2523 64983 31899 53980 37656 21084 28580 48932 44257 51587 5182 30755 60353 34580 37336 17145 52684 41530 24060 23694 49394 18090 43542 33943 29428 64572 29720 44040 20838 17463 3573 32498 51201 9769 38466 5906 12706 34763 25483 12975 23165 23986 41803 11887 15575 55280 63959 9870 30734 59350 53102 25988 23717 56520 63922 38576 15972 8901 65053 54881 50139 34241 1331 32650 63750 35729 26186 51589 56933 
33568 46534 11335 3634 54745 41025 18245 23179 8654 31062 56575 2233 15057 22950 12787 43685 4131 52963 21653 35703 59749 54953 36820 64945 37107 21243 59747 54915 51896 10380 26676 45502 13212 46275 23990 45727 27635 30662 47741 44394 60542 47458 23577 64023 49166 9084 62932 41115 21979 45473 38296 64174 60809 64851 59372 62326 43810 43596 15550 11789 50950 9487 9924 58954 6920 12337 64556 45612 40276 37307 23100 22954 12809 3226 43098 27540 35888 11323 22094 12180 
43633 8695 35493 36946 33699 44345 42814 58174 2778 18447 10879 8854 17479 27044 24919 3051 63742 45670 519 43932 25798 25482 24504 58701 13985 7624 57600 6097 36655 49116 6830 64592 63914 38735 61807 33116 39872 25147 11183 26123 29924 50034 50225 31531 23736 17384 1743 35602 61166 64555 25932 13972 25197 64645 57431 61550 58980 43808 36643 65014 24915 25410 33302 26779 4278 20835 57933 30479 8390 53976 54820 22104 30502 26398 10180 61988 42739 61753 17339 39438 
48795 51827 29544 58787 46358 38219 31681 18371 60700 63792 5110 40439 16571 58354 59653 55527 26994 18568 58589 28937 59047 9519 61945 21840 7124 62454 14806 60083 8478 65288 19622 45507 31562 37620 10359 64028 2642 29064 35901 56161 5465 55259 24900 51649 37172 35973 41144 37875 14484 31787 10981 28714 38290 12675 43147 51681 56379 3348 25675 49122 40862 54105 35504 23641 36404 9295 20171 61009 30252 1581 11448 56476 29130 18034 49285 52116 21180 41081 1595 41136 
54615 19849 22905 2176 23470 61021 57019 37209 46249 9883 56864 54609 37150 3656 29342 11208 29687 27672 46379 40215 33606 39231 22126 45704 612 32838 52051 4448 52066 62410 52896 34294 39140 4104 26279 24297 14484 19440 8897 39449 55195 1449 28663 65376 14001 31066 4798 18409 61790 63922 1297 16884 20677 52391 35932 39084 33056 1766 46431 11376 63858 61794 42266 47058 37180 61055 2593 54258 48727 52844 1882 44714 1390 31121 48088 42717 19404 49530 53642 34655 
10961 63764 42577 36824 28064 44891 50525 64884 5015 34200 7431 33977 50357 22969 49023 63751 22263 8003 48930 25073 3425 41405 28499 40330 5687 21081 20376 39953 7493 43662 55012 50965 38320 11044 38261 33174 40547 30100 49797 37024 13889 3067 47627 39463 40408 46100 59466 41623 24963 53966 23250 39374 30647 1771 8833 4858 31364 56987 50946 3039 48504 55702 15133 9150 18922 37784 19184 40433 15561 64740 15463 47116 11988 60282 3946 23217 46924 29350 45173 36618 
36080 40731 20489 39559 57832 60444 42826 54586 15056 52213 47117 5917 23277 25028 8231 1474 4977 34039 57834 61517 46827 57890 32914 13396 30737 1437 9967 40825 42622 36159 61963 29629 14304 26872 6195 56733 13743 11604 30493 29092 25073 8013 37884 2748 49155 287 11006 46988 28049 31912 31177 21731 6662 26043 58335 32849 20129 52912 24165 7447 29032 53368 37651 65348 43144 34408 54835 53706 23938 33116 3813 34609 41292 16419 12110 7707 31600 15645 30359 3879 
47182 16752 28891 32442 19136 4031 452 46891 60626 41666 21640 48343 44912 56956 13909 17702 33588 32037 39378 49773 64502 15928 26910 41163 60594 29201 1131 4403 10460 55779 56660 19925 42400 21655 50907 9221 59698 49292 22432 43072 42212 34189 18745 23851 34416 53575 22039 50252 59927 15146 12265 29636 49516 27499 38311 23903 11773 58331 31149 59724 30740 25570 55727 51683 16658 29881 25661 35350 7373 16055 2349 60672 32515 44640 4577 63693 21055 22560 34014 61366 
10002 14060 19693 45305 46724 7215 35783 63195 55818 890 15592 30176 22775 47894 61444 41925 3900 41574 39860 50659 17168 4585 60225 55713 44543 45366 55650 31247 62743 4142 57330 64562 36517 19287 61943 31889 62285 990 38718 41946 47770 12325 31783 50774 57178 22105 35449 44666 61731 17272 2827 6178 20100 56551 63872 11008 54737 18456 1370 49974 58611 41984 27675 34955 19531 16474 35852 21935 29821 49235 45911 8729 18041 56097 30879 12424 47080 52479 9987 33090 
8589 51878 6681 34858 21228 64660 13265 36716 35038 50718 2278 24337 52016 58577 33179 25986 10160 20674 20606 53344 8554 43437 60322 53126 41896 30206 35915 27996 288 18863 47169 9699 57178 8635 20371 54082 48912 50745 46601 7986 11107 1599 27200 3882 50633 60955 2059 24060 35493 5949 29139 19253 26478 56213 42797 30505 36857 35392 61700 26010 62020 13528 26548 57780 4748 52369 58224 46403 10549 26710 35745 41716 23785 5587 50846 1211 53027 45873 52327 10545 
36310 25428 3465 48165 43376 1826 1019 20651 55114 44754 57836 22219 60704 59367 40674 39035 1754 40447 5223 19235 32415 62185 64603 58239 43539 29069 17886 15631 53845 60550 13838 40431 32977 20813 38418 21263 61109 38733 35213 48821 3358 49056 63643 34299 8614 15399 63362 38046 5637 3467 33371 49353 42643 23584 53987 25537 19223 13053 8209 3746 11129 39277 9440 39759 5110 59132 2422 1889 65500 57386 32342 45760 26444 3360 40630 51478 26252 60716 37006 50769 
12630 15061 21779 60118 42423 10159 3819 60794 49198 64917 5725 10516 10542 2133 40636 24128 31731 2783 56139 9719 49333 42255 10262 17879 36132 18217 2584 8298 34430 60675 63333 62796 58457 17504 62944 16551 47101 34357 30785 51288 3962 43239 32703 19673 61969 11127 34081 23759 8431 10527 2950 52581 20350 41880 8103 52516 31602 18612 16221 366 53098 6884 19880 48646 6371 34151 20716 59374 42598 26665 63350 62767 43865 28185 54129 7204 40044 63335 44733 22700 
40082 60426 12511 36329 24446 40276 11105 51677 53351 49521 42878 18099 5278 11776 62343 35580 25792 32153 19199 27877 405 370 40125 945 839 4348 41655 61104 38346 31409 41821 6507 31924 40380 41607 29232 5339 53523 16115 7868 39398 60671 34664 62451 63584 42627 29778 41946 22259 47289 19513 40343 40589 4781 17262 8122 24866 6641 59497 1468 31882 31879 27694 57827 25081 48284 50566 3910 51421 16787 21341 59807 28167 40201 4470 14138 20228 32476 54308 32341 
64348 58447 38181 9462 5513 27214 51159 7525 22398 35918 23859 63220 30539 26474 54928 33164 8369 37583 22896 5080 7758 55263 53780 7171 44978 37511 27611 47389 65356 11925 1607 42953 5628 56526 62045 56934 28365 63185 43914 27251 47911 26658 34422 2600 16838 23455 59614 28421 15873 28230 15482 16651 754 60456 19121 2488 21398 11482 37657 24526 28607 7405 48855 22391 55238 11575 4714 49031 42527 50136 587 63145 16235 12269 23174 42853 19241 8931 20549 1753 
16408 15436 41555 26591 42883 14658 63817 65455 21359 2873 48984 30778 30449 5250 5496 61250 20331 43027 10083 14896 15275 30901 41822 28072 43009 42178 11136 29146 47130 27048 41399 8995 33913 58081 56105 31427 36997 19400 27612 10929 12883 31542 60528 69 29549 29213 49879 1608 24695 62253 1595 21109 24936 51876 22446 57634 50376 59349 18794 21956 20999 53756 23842 23599 49518 63801 48461 24170 59884 60411 7779 52124 10614 37988 39819 12216 45578 624 55801 52421 
44541 25360 4525 35328 60040 15667 17177 60439 48192 57200 27300 17757 4316 11226 42606 34364 48797 49077 43719 52195 49073 40507 4582 28506 2766 9714 24050 37408 45854 22948 46745 44535 51501 17793 46946 2373 6779 31198 12755 64137 14338 45587 35787 1219 557 39029 15943 11772 46105 31594 34018 57999 11311 52159 17830 39587 59076 5021 37097 45433 30407 19420 36955 48260 60758 45039 48285 4502 61165 18127 41886 45628 11817 64753 56890 21033 63577 2577 6110 52520 
65155 30573 3990 41964 26201 13079 52270 37977 43821 47465 16309 56938 43416 49346 44816 50859 2817 26803 50972 6427 63323 14188 12678 48608 23824 26139 33500 54483 11520 60906 9087 35235 62127 18712 65270 59201 44646 47578 60019 48288 61187 58440 26433 40531 20144 28754 16596 41135 60492 60750 19452 57747 62269 55887 4903 9523 47530 29706 49814 46381 40603 33653 8052 4850 3564 63234 54480 21579 29698 42429 50569 35156 54379 40991 4027 43079 31435 36294 20449 42496 
41210 47030 30104 15832 15003 28868 44678 32599 63350 6643 29890 46472 60919 35277 58376 39845 52431 64204 24412 11266 7226 39451 38622 19889 14569 38277 10719 40249 36445 21934 22227 63335 17583 26122 10968 15875 11986 4562 61841 21508 50984 55335 13464 2269 40039 13658 20446 5853 7924 14489 3828 37086 20154 887 564 27335 16646 47715 47182 14483 8651 18416 39598 1591 56245 879 46444 10353 14078 17522 33636 654 61991 14856 32817 65323 57480 5029 42473 13529 
22700 27720 52373 4671 49314 15557 1515 2161 64580 41608 46357 7793 59599 4308 19443 4183 32245 45752 4441 19998 7081 5633 51767 6566 24812 17137 24035 43934 37753 54635 543 33805 25185 51871 64445 17845 41888 14586 31273 13395 3791 61718 55462 45925 22823 19341 28306 56155 1631 17582 48823 6530 58906 53295 42269 15193 31686 8351 51493 49293 23764 32147 56244 40025 65257 58416 27499 8185 20527 45513 62635 43320 6547 50398 40411 1284 37253 50709 56199 20301 
17270 38929 12591 103 43059 30378 40787 3407 59834 39838 22425 33349 9019 22104 43722 55602 55586 40226 10574 35760 20409 28255 8766 42995 19933 37774 58421 36501 24111 1586 35475 63289 20648 28168 12772 19320 64531 28843 13703 10826 23600 10458 54188 18389 40030 15060 11628 35495 50793 63499 62056 31212 64860 3277 821 46663 62703 40907 38545 64119 13736 23009 26458 57641 56632 9745 7352 48667 35476 19703 511 60720 57952 49035 29852 44001 61262 3417 59978 33900 
51127 38690 19067 65156 8230 25305 20154 6421 56581 43531 37538 64486 23470 55449 63426 3451 1923 41961 63964 9997 60904 15400 55792 28092 11741 2199 28084 17009 3517 3932 30736 50425 49525 53649 2895 54612 33413 13786 26298 4971 47967 21783 8320 62070 45715 13245 7850 43574 24985 39793 29797 26145 33345 21345 16274 32147 33487 9221 27187 53644 6222 18281 65025 5911 28006 52355 9037 55478 52896 36490 37604 2340 57032 47362 17316 26049 36824 37610 40649 60788 
23690 60922 60572 9575 62152 51566 49167 39775 65467 59346 57072 40786 64189 64674 56383 42421 41997 47265 23136 19429 37370 53973 59366 61664 49814 11010 9797 4175 64657 47752 63239 4506 62444 11198 43076 39798 36087 35911 56448 23680 21977 16541 20950 40224 24029 10040 47077 61433 782 64030 37722 58768 992 38192 61182 32631 31026 49397 4353 6512 46525 50115 31099 6515 53107 10203 43302 33568 32578 36199 2560 45847 52467 20026 53793 19668 43092 62848 50260 40537 
8838 63125 54176 30899 37381 49443 4856 7991 59463 48609 54557 16967 6988 40768 18107 29544 974 13550 58291 10832 46011 4542 24494 42655 40551 605 28469 61685 31852 27170 52687 11369 18312 43275 3832 41203 48847 35174 58279 26226 38022 62867 44404 36414 30398 60680 54763 5675 31432 18606 37523 19571 40019 28640 1503 520 16162 40482 56868 5751 9408 39280 7408 6174 28371 8568 19054 21192 17349 26299 39163 58378 24671 50356 44684 37733 57003 52728 56434 37716 
18147 19627 8888 30738 25116 45090 18321 54068 5721 58995 29461 38962 42670 19804 19522 52837 38270 9335 47748 7860 31575 6071 25346 27352 33492 15937 52003 18346 15518 62706 30135 7174 56936 50028 56582 46476 45302 6981 47151 36180 55144 12525 41480 5214 3485 26503 52392 36490 50186 17405 13334 63854 50893 63749 39633 47616 20974 5318 25476 53917 12916 62582 48562 43566 54519 8910 59317 60954 12528 11647 28024 15868 53868 45917 31718 42770 49183 44407 7817 65423 
17873 64655 16025 56329 53705 15180 61704 65192 52234 63845 14335 63050 15360 30193 64359 19978 38877 28351 13635 17920 21585 17997 64148 2255 63226 3726 41644 10009 43163 14645 4746 58683 53721 32989 40642 3624 18474 14446 39275 2397 17265 48992 7365 50377 33667 26978 34111 16500 41623 24117 34863 13422 49363 4889 44569 60069 13410 55208 36990 5767 39536 43534 52871 30408 43987 45689 16730 1117 21443 23661 13292 62310 61719 47478 26496 38294 20456 8608 10790 36750 
28005 2556 10478 45293 9679 32397 21612 49675 15618 50968 19327 42611 40018 47575 24699 40050 35693 31903 46280 12557 15079 13395 8590 54487 29152 787 63646 22727 29081 23401 23555 40948 40522 39884 18977 11689 31859 5212 22619 64659 34084 34715 43309 4787 62208 60635 26104 13940 43363 22356 40729 30861 59131 47502 30237 2450 46536 30980 29071 31163 63956 45970 62310 25615 48198 36942 16482 30444 38340 26291 59036 1827 370 64345 3039 55184 56235 25984 29993 27610 
34036 36047 1283 60595 13366 42666 50092 46902 11765 14368 10147 16263 39635 53855 28312 16749 14946 47330 53752 55854 63739 8448 11941 33222 35525 38510 51606 46519 31486 29799 50768 56610 33808 16409 15257 23606 39711 61756 21868 9823 11496 37530 37571 23272 53351 63319 34083 38763 27261 24380 61899 55979 14505 22190 16105 28231 14811 25167 18738 55904 35975 45138 42545 6879 8001 46789 13710 40438 23895 64590 29106 2065 27511 30763 10136 52803 9283 50635 50770 56098 
23237 63135 9047 65164 35130 7406 25967 42617 36704 34192 28976 27416 53865 24551 4493 32335 52465 64679 2436 28919 62989 36266 45797 11363 21191 63805 1478 22890 38201 28907 62555 4890 25640 45460 2804 106 45169 23677 49719 42395 15059 55542 814 6345 60338 16175 30958 41305 25098 19139 30073 28159 55618 35136 21341 45177 52660 52938 48080 26954 29000 34704 64194 51022 31704 51658 23871 5948 582 53756 53080 58323 3044 28142 39474 28472 32690 62897 8114 55105 
53009 36060 55509 25298 17556 12478 46915 45304 50992 35549 63008 27868 61661 61511 8077 44058 26773 6895 56590 7302 45712 13711 25046 11515 1391 35432 45549 29025 22995 45915 10546 26623 39020 54065 175 38685 15612 7443 45877 51161 487 46131 18822 22175 34621 7354 26992 16950 1959 30550 1311 48022 56097 57582 8887 18170 64264 55411 8385 59368 14605 22638 35163 42073 45069 39257 10787 63304 11672 37786 33021 29934 54721 49300 31859 40578 44319 22525 37269 51069 
6150 63183 46533 18286 50765 13229 46493 49999 62972 33249 11361 10224 5972 4091 31812 60044 14415 54899 53106 53618 63722 56585 44474 14821 9276 5670 56362 10782 48643 40040 4498 52881 26703 14327 49894 52608 3721 27223 19169 24570 24580 49083 46134 12205 9203 44161 21257 32615 8215 62233 49352 40654 27426 35732 44387 9505 25006 18837 52918 34846 17751 10287 44977 21432 24309 45767 1898 61198 23227 10384 26161 5509 12942 56772 55389 62446 39553 46613 50100 6651 
20639 16998 7768 51862 44054 33074 16600 55847 62930 29867 7629 60389 33975 640 43976 27412 59710 21618 57070 32938 4655 40268 39059 50797 12126 23702 41907 1401 60021 28886 9334 37542 35173 5451 1568 62296 38865 27478 2072 48842 27869 33954 25563 14586 37398 58511 34235 50240 24141 30579 28544 31933 64369 14262 6615 15104 4577 38724 18879 50189 31247 37473 8145 3818 12333 57996 61738 42751 18268 61476 54581 59368 60104 23763 20332 4188 51581 51526 63838 26477 
24206 51513 43330 15443 20205 20946 22429 2873 47336 30444 35052 53711 10757 15288 29510 19695 60702 8589 34400 34558 35416 63855 4748 9306 27828 54216 8846 18442 16557 28663 9959 34247 54030 43621 1333 11963 2613 29059 11475 59445 12580 36648 24980 41030 23285 22068 52515 38370 33616 63903 29100 6163 20612 39074 8051 5855 15572 42058 32058 16554 21709 23053 29402 49697 12343 32432 58394 7620 8281 45558 14141 36964 28380 4730 31038 50247 59906 61435 3651 21256 
28124 57438 26748 34453 46217 51362 352 24536 36277 23635 50550 54527 16110 3158 30487 35757 12566 14058 27182 8808 62986 2687 17425 26535 56490 55483 58517 20889 29365 28853 48461 52929 26734 34806 49963 61780 38249 45216 26155 43841 56385 58613 12727 58458 38014 36409 20850 16432 25254 35964 29317 57094 31140 57704 42989 8868 4262 17669 15913 59082 32367 9331 53758 35265 11466 23157 37902 42813 51490 60802 5455 62782 6081 26707 25507 10385 50209 45555 45480 51907 
20978 32193 24243 62387 44452 39141 61789 59625 51303 24328 41050 3613 54430 64154 64453 25785 60053 13240 1913 28958 2209 30737 38951 796 45623 35993 59838 46861 23240 17571 30469 42053 35800 43748 65384 18543 9734 520 8570 7867 26441 9796 17932 3940 36601 63329 64868 26522 29603 7310 11904 31510 9597 4787 33347 6825 56516 14996 7743 50084 40448 45879 22188 9377 11599 15707 42540 45142 13712 4768 62585 41312 28215 62477 9709 14767 29366 24402 1976 37810 
50466 37079 35199 14071 1080 30434 30433 51694 62520 29071 30124 56851 38949 45509 49496 54500 5764 61896 42730 24338 29270 41939 60984 52817 11196 64661 60191 35274 6157 8993 33030 24543 24001 14222 31334 45005 27798 54773 49505 15678 58406 36485 5244 21129 21471 1519 28080 27761 46966 53277 15008 7833 54155 516 39124 33290 30998 19520 10463 47643 5236 20901 9689 19862 25109 3883 40349 17388 8787 1557 34099 14371 39086 35803 9005 15949 1537 47558 19976 2345 
9487 19667 17946 13269 54961 9109 49673 23086 57372 7238 11264 15083 60037 24028 64526 59562 32603 58315 50750 11746 20875 63699 44336 28236 14603 37014 58661 38669 49203 2103 23536 56672 9824 41152 55499 35213 8218 15851 54626 23191 14026 29560 46767 60314 65392 13092 58547 13995 53679 63409 42509 54481 927 37747 48884 59246 55608 4525 25964 1737 61721 49212 19058 57568 52818 50845 22992 14984 44587 13936 48133 25309 30916 9508 29138 17165 26076 14519 64049 52336 
61993 15588 11900 43368 17767 18886 64950 38570 8493 21675 59324 62954 39683 64999 18489 23992 23909 34395 4616 26760 3995 22748 24305 33740 43860 4894 28720 57513 14250 41064 43240 47686 39101 37422 28773 565 44292 36178 19095 35859 59798 35068 43066 25850 18486 24520 898 63339 23217 18181 33871 19223 42059 15688 59784 58573 26765 11493 55152 61612 38721 4293 27267 14083 37322 36939 51010 18285 46028 23151 19985 28787 44294 51046 12087 42013 2183 24892 48402 14399 
5703 25846 41964 18710 12568 62734 58049 13769 730 5182 46402 63626 27965 12499 61957 31020 12700 58837 35461 11586 53872 15048 34769 17657 28096 48317 4499 57547 3853 43297 31409 2398 112 33239 7710 18067 53609 42431 61932 58342 17393 33455 21994 54357 29978 26121 40900 39961 24218 11049 52489 27974 62232 63405 64958 17586 31798 38708 10972 14103 59648 36802 3207 10488 18892 59353 50654 46408 26660 40444 34952 42898 43535 55006 43600 29922 43797 7188 12416 8893 
