40 40
21799 50715 32291 51427 4652 763 54106 2561 49633 5563 45651 62329 40049 15563 5200 58997 41229 42588 52102 19172 39298 32120 4306 18584 56929 42201 1949 3982 38372 54324 25974 5036 26425 9651 10568 4210 48759 12198 5476 41469 
54930 33914 57129 33343 57441 8001 4380 19547 60662 43796 58022 55560 18801 28775 33005 21147 22842 13743 27422 44400 3681 37208 65440 38866 20418 725 65133 54150 58508 42676 22097 48376 53349 59375 43670 34564 25106 55413 62991 20040 
45871 30779 11515 63867 36783 30464 39294 38284 9888 42344 4828 35375 17608 54944 53996 32937 30214 14264 17574 46216 53602 47701 24448 54468 52574 22360 42648 21800 17451 9784 20656 40243 40902 27063 1566 47297 18887 16993 49912 12137 
37202 28816 26696 9035 61824 50059 61540 2279 13738 29846 37086 4937 41070 33774 27856 62397 14872 13836 10758 20179 41690 23991 29470 9065 55614 58513 50519 17602 19845 51500 31751 47223 8502 22655 18395 26307 47538 32245 11033 54680 
14686 28276 45573 25723 31719 47584 60048 44558 24795 22275 44512 37741 33345 37986 45760 45490 9253 60117 54108 54708 31992 18226 492 29519 64461 2942 34841 4416 45133 47029 3998 20269 35213 2541 35154 44077 28470 28115 59551 54249 
43893 36378 32339 15849 17662 37295 24325 34911 6878 17788 29165 43643 58632 21061 63856 45587 1431 55413 57225 45707 3069 31011 9494 21397 37838 58405 35514 59103 42734 15721 24403 17732 12202 59605 13336 13242 57243 43799 44639 17574 
38845 18409 46955 37433 26604 65207 48927 11306 25013 65021 45152 54754 56981 38060 32678 53026 541 14811 17875 6113 39863 29951 23189 18848 46633 21016 31060 63108 43252 58590 25731 16383 51979 8233 17903 48797 20132 15485 54471 25987 
52666 61818 57238 40696 29487 45349 14294 15956 27391 5055 38536 37525 1530 36453 21808 26033 43908 27130 16170 5029 36041 35340 46575 51073 9950 53724 44445 41619 13189 36440 9441 43936 19253 23424 7821 15545 13296 28661 36646 2765 
4791 29546 16667 29676 18166 64854 63054 15421 48785 52195 1763 34932 53090 9394 12256 5260 3113 747 40436 49637 31004 20673 26673 45294 9405 992 34158 26228 33982 45912 47782 63285 20443 5139 28920 53945 38195 22910 45177 9255 
34623 215 46172 24958 62065 60856 56507 29670 57102 6757 24050 14874 4248 61579 40453 38472 15546 12786 65130 10801 43078 40435 64727 45463 39380 11243 47386 60140 63902 35525 61482 48360 47149 7675 33354 42867 24599 44946 22337 14548 
11558 59611 51909 45043 44863 23558 23494 52302 1992 51850 12918 46243 46949 61308 50526 65467 36111 55493 48222 7223 50033 2823 37164 13098 49567 8967 28594 34467 15327 13757 40559 62402 7695 33619 21824 17931 6088 14312 10344 16874 
26822 56861 15516 65424 56031 31161 27334 42188 14851 25411 51114 42996 64097 34919 19182 3281 12099 35886 20398 58458 49420 41947 52112 46248 28871 38103 49466 6116 7336 56933 27293 6987 54821 1471 13112 20577 18477 8215 15589 6481 
60587 58910 60147 27009 40525 28466 13085 41674 12791 12055 37539 22899 29621 61070 20043 24135 46599 59612 16999 43158 39491 59807 41541 54948 13555 14699 34099 41574 3178 43395 39123 38315 19503 61397 53476 28491 45107 14473 58707 9909 
5352 57820 62207 37636 5431 23070 17490 64741 28241 7960 34085 43614 59213 34769 61972 59111 3750 41239 19719 271 28836 4169 19192 17784 63977 63615 62196 46183 34244 42723 60094 32468 22158 64267 21512 1492 22344 31138 9036 23434 
9132 40005 63207 61666 36069 62596 9616 28936 37700 8116 26670 44024 15269 25015 58550 31784 4426 7938 26905 34013 42922 28066 60601 18777 19134 26442 36501 29282 14558 10540 37210 9718 48577 43734 21725 7385 43284 51650 26918 5580 
31784 26320 36953 54520 44364 59083 41849 57675 20922 34837 48085 41759 12138 64184 32765 19572 36250 1763 35959 59179 55808 30825 55992 57011 58839 54026 3000 1686 58123 54195 4562 24367 54124 48481 16878 39334 29315 39271 27588 31150 
57059 62280 49890 9662 64301 2294 6552 44140 52792 19687 3674 11284 63645 52761 15765 46589 38016 1812 41763 64848 9795 43856 28268 11488 49546 19658 24661 20673 15961 48468 26275 39015 7318 21126 52302 24074 22044 12910 24854 300 
55574 62084 50900 37470 25121 33052 49923 50151 47359 40787 26179 30688 1719 33000 2460 35438 53259 7199 49208 39949 65072 60189 13997 41165 50546 29946 15741 59414 38696 44033 60179 33656 45922 20991 19988 38388 2870 3448 12310 12687 
61029 8511 37732 28694 29267 52050 21127 6278 61025 31107 22673 35002 37001 42410 17527 46632 32196 24254 57532 15285 60139 45175 21969 17243 13186 32936 52310 61403 40852 7551 27839 5863 43791 64428 17529 57051 15977 27863 22607 55405 
27921 6117 25207 38471 40261 58902 34670 62600 29346 48712 10134 59007 11382 64057 905 4247 11195 43522 12348 36925 62480 55175 29520 44539 48196 40205 2408 18905 55011 47780 5817 19207 62392 53415 13651 61815 55096 42210 38157 12411 
48930 13611 20757 65128 49943 613 33865 7236 17014 39926 19920 41261 22123 28560 39150 15562 28052 8346 61690 59042 55311 36321 13940 54362 38673 61620 64958 2537 55281 16290 6533 51439 61027 17859 2188 37743 5485 15604 52086 50380 
33182 18281 18274 54150 51917 36915 36757 27500 17068 23894 56724 11219 4629 16100 31253 16404 47409 31504 55504 8166 25023 34800 2364 28493 42123 38688 48488 29985 11195 44297 47030 41348 29851 29050 27435 61705 16762 48703 27733 38558 
64047 37631 61617 34580 48166 49725 8507 58563 32854 58178 59294 47212 19780 29646 42039 51833 14378 22013 26009 17736 4400 38300 27462 51266 53405 55071 32719 57683 1591 34476 24461 18645 44701 49299 31716 13815 3424 49024 17907 25667 
13126 52940 51950 32808 1345 31635 22521 64646 25403 6861 49908 27700 7256 18683 45942 30940 59553 39377 63433 33972 8397 25049 50352 32604 7033 1802 60142 44738 40690 27026 42236 14628 10775 16684 60654 7915 50727 34433 57124 45762 
40968 55564 11531 37437 32652 7782 56893 45605 10880 10805 47409 9514 51685 2608 45450 41895 30399 56456 1154 28617 27284 43158 58810 20775 19980 10154 50301 34453 63616 14187 19896 64412 22470 26690 18154 57430 26171 64081 58279 23600 
50900 14576 53423 6579 20555 29498 11314 25211 18171 57409 41673 16229 18820 21753 34094 24287 13572 55124 22357 52963 16934 17828 45299 62033 29405 34261 37673 7850 65264 2521 9421 53280 135 24453 39036 65406 28805 18683 60738 6504 
3550 30149 25719 32181 2066 59269 61510 34482 24346 18602 5280 53816 36171 42654 22143 55980 24387 1381 58592 10017 2728 6610 50764 60347 34492 7420 31886 8321 2664 33894 34598 50501 44931 43556 19908 33110 57324 21338 15277 52126 
29563 24005 55247 63971 17766 17182 56668 45815 54029 8515 11873 31037 15810 46214 2989 15320 26815 28466 6115 8901 59232 10711 28231 20892 14825 25126 5497 30361 43003 52394 43844 13009 41503 21650 2841 5965 56636 46902 7666 36056 
31666 49190 51811 58471 25055 9735 47508 8487 64219 5559 60690 63598 28200 5585 47223 58357 37289 50517 56027 52842 23247 18910 19785 28695 57535 19994 45778 38943 63021 44308 20635 58061 13606 15952 20960 19644 300 49426 415 38554 
46840 45104 11069 35525 63041 53262 51428 10528 23294 3595 29738 22925 61793 50124 19402 54624 16155 27789 52704 35778 12077 2813 3755 63003 39821 5768 24302 34062 35510 17232 41793 55618 40513 19636 15651 12355 13382 25697 28510 44187 
24226 6819 13114 3552 59532 38000 27105 28201 45954 29763 37715 23797 57287 2699 7122 23056 31306 14341 5222 27508 38678 35008 28055 2329 45511 4543 8675 3252 12299 20687 52837 50770 8083 63028 17469 12524 24973 56394 45205 61502 
25280 42871 28849 34381 52074 60570 33275 57983 45380 54664 14941 53461 49184 27407 37507 54034 23882 31206 11956 28344 55119 37870 3646 64218 20257 46341 54999 9577 13050 1965 60357 47809 21833 5898 13531 32284 57620 25974 34936 44758 
12466 24856 59829 40577 5881 57902 33006 19405 53655 23094 59546 4766 59997 47361 55396 19054 52146 4256 12807 53784 21839 19390 20789 44150 64099 10560 57086 44203 46066 15408 52612 38252 12837 20127 21805 44333 54525 32955 36983 18687 
13277 28119 44573 56375 32816 61029 40710 59115 10718 13657 22081 10633 56178 20849 55157 63172 3248 7725 32543 7389 4812 19715 36628 33534 27001 14335 39646 60153 3020 57914 55003 61075 15771 40536 1829 48137 50808 52163 15611 3711 
1817 26160 43014 6216 36244 38675 54145 18426 37479 52694 41352 45949 37612 48524 52738 30300 4746 30483 11702 28259 35294 8121 35613 28284 19973 46864 50738 22413 59854 10501 57638 36076 31726 44609 37723 25838 8732 31385 60506 51902 
9575 10733 60508 17591 38549 36346 3359 27499 7911 12978 13906 53116 7240 1447 13098 17154 21044 17451 61035 5306 63135 64699 48539 36044 33235 36549 22302 4243 43094 31753 59040 13329 11259 30564 287 40806 11987 64381 1096 51441 
18375 15937 46583 4684 25871 14797 19808 33924 58907 37826 34823 57080 53066 41801 25278 22958 50160 18795 59075 55348 59916 38787 32735 45256 6128 19764 30644 22226 1698 6801 26197 5094 3118 42028 47368 16068 36449 55937 62031 29755 
53204 43575 60829 36487 64293 23968 7511 35776 52952 7286 44109 10997 12674 18672 37056 11793 32411 43037 55634 24696 57276 13811 12191 9880 61856 34393 40521 55453 46789 62365 57016 43033 63991 51596 34522 42945 59421 25513 40808 5684 
52560 12022 19932 15205 10528 19494 20657 25901 17526 7666 22718 12775 41832 22679 8146 54232 2905 22715 2658 24022 49956 15196 40508 24190 53058 44546 16931 26843 30074 10331 12351 33390 65283 38094 28490 15592 40097 17988 6349 7567 
8498 4112 43899 18657 14943 46657 28016 42550 5080 30169 11689 46481 11014 1319 41111 11235 60999 9503 46304 47799 57148 23005 43431 47392 15128 16547 57787 13067 61962 20628 23272 21611 47212 58098 59274 23691 3746 4979 46715 30153 
40 40
34799 15588 7926 11188 10818 40902 49907 56252 22247 53798 43337 32473 64913 12325 6429 27000 44176 7984 28479 56754 19935 27868 34682 53939 24148 37044 38994 41999 19545 43572 47785 1667 47624 12991 28823 49866 36330 53065 30782 62406 
18134 56880 37896 29965 22131 17880 13038 30805 29199 5694 48006 41245 2222 24277 4708 22399 55062 14435 47086 19328 52402 8061 56755 60566 17127 12905 56285 18398 17389 25977 63823 44940 62120 15236 38240 47352 6236 25010 28744 17874 
20765 45468 19393 4487 41007 58880 13304 27108 32124 53559 11372 29934 25252 15063 9448 34331 63716 41729 12595 54357 11144 27360 20450 34337 31276 57402 57735 60256 11208 5912 42721 50870 54507 58476 7743 55168 29462 43336 5925 36950 
34497 14314 50616 44147 18819 16945 24767 36906 29343 15305 11607 55974 21930 25446 45911 65058 25677 41568 22871 7046 4703 37695 26271 43208 38912 27164 63451 26053 51376 47701 48361 46623 61060 19260 42835 60086 50298 11472 41310 1111 
47658 65206 45878 65418 11687 63470 29271 3015 1677 43191 48582 26514 4450 44378 27131 60447 8230 54826 20304 20291 36756 26504 62784 25287 51795 43438 40683 2650 42403 25358 26983 13251 14850 23785 57249 1610 62303 28962 57634 58476 
57192 13199 40795 11937 62878 21660 57564 59538 37452 42032 61865 57635 6222 52647 9775 42214 16430 33770 5726 9351 17466 27394 386 16372 39185 1467 36512 28610 14628 41054 61308 25834 7609 3891 39776 16405 44253 1201 65196 16941 
10443 8823 11976 24153 53154 51008 17404 61129 5375 38349 12727 36859 33018 36084 55634 5988 5899 47496 52245 44479 5785 23254 41258 48202 18333 26249 10234 22505 35633 10395 46080 26273 31194 4318 14347 57767 13213 43321 34333 35568 
47003 18191 59390 34954 33750 55219 61732 737 24189 45294 53853 58668 53011 56001 62441 8939 22315 35610 2290 45657 50378 50335 51296 8430 56128 48486 25714 45975 12536 34997 62474 53350 5530 35423 28453 43862 50885 59871 14198 46596 
56489 49236 5629 29856 580 27607 43254 16772 38846 56606 2204 15059 63593 24200 12159 17047 34806 19780 30423 58602 48955 28522 36095 9922 31954 11168 35924 21712 35622 46238 51172 50895 64032 60879 54776 59924 9082 64869 2669 54582 
10248 3245 26443 14618 5334 44311 58605 11414 34810 20486 60702 62246 37784 49426 5298 9540 38687 61719 37744 61660 6122 34049 4570 56293 52220 63430 26117 51635 56183 38819 8461 11492 61146 46743 18477 10896 17767 23790 24873 61717 
25791 58944 54216 50275 15032 40809 6382 5107 59977 35346 29182 37517 25653 3750 10320 62084 59542 22484 35000 27550 30782 7991 55125 39157 64948 62485 55210 10007 30239 318 13688 11134 52359 55917 40842 6321 20755 43253 27410 59911 
25841 55417 25792 30843 13646 31054 28028 35029 10271 36675 43342 57202 57308 8906 51793 46005 60142 27615 35774 10893 24084 11219 18600 1427 6123 14449 15563 48027 41035 26518 60215 39392 42873 9684 59929 62532 62525 5053 54464 44460 
44584 44517 65026 1947 18406 2282 35453 2371 43145 25903 32632 56016 31115 45210 2015 15094 17509 41210 21085 57524 6088 52577 35945 54332 1467 51094 37599 63721 37108 23221 1994 20186 32391 36502 39019 27432 22762 21112 3885 6726 
24608 39451 33859 65385 15496 44555 61386 36994 60602 16182 36451 13656 58087 52385 44678 1788 51396 422 13340 25150 23342 46326 3375 47433 25745 32527 41693 55874 15416 30680 36298 63845 8172 41877 64538 50348 5661 41536 48923 7478 
21513 5792 20652 31915 38853 30627 29528 31774 27667 59212 9608 49014 9627 24306 48449 2146 6253 2097 4069 62974 31073 52538 57002 32766 26893 45804 4931 51770 54297 7572 42324 41637 17656 9947 12211 64648 35451 38350 4891 46052 
32022 2749 55602 51511 65060 16038 3265 24890 35874 42647 42223 25834 27874 39056 4228 64550 45892 7668 56283 14787 52727 32121 22965 11378 26313 41388 30249 15138 334 25353 8231 40813 26130 24547 42124 7150 4623 19772 30746 20891 
19640 60059 63966 42477 63857 3327 26661 60676 27085 4134 59021 32989 50555 25697 18376 7289 43333 22370 11474 40528 1606 16348 22460 15524 31176 53220 30942 22770 7899 31726 29521 64291 40828 49081 20438 62098 2394 50312 24398 8864 
19958 14700 17222 1325 20402 51396 6531 57241 5741 34126 64861 48224 43598 26573 33301 58035 31986 38624 44669 8793 7465 49459 44805 61356 16416 11190 60634 17460 26878 41157 13935 47903 40855 29594 60940 19524 33041 16867 44613 62857 
42634 11234 2389 10893 7191 23911 20170 1513 27269 15477 3959 25543 38450 49311 55098 13020 55143 4392 52948 21264 1799 15730 51453 17458 48351 35859 2402 23775 38277 58379 54183 60035 30117 35787 14177 12132 36690 37946 45106 35793 
22805 14696 1984 523 46022 2565 64765 12925 61492 46875 40228 26111 21334 33990 53926 28826 10364 36402 16458 52610 30291 31614 52239 58866 27716 58330 33677 13790 17426 55916 52028 17012 62729 9205 24804 10596 51454 19080 21214 20817 
52616 51338 32516 10233 47373 55760 19820 30721 60651 30665 36205 9480 17936 60281 40971 22544 29174 48809 7938 46097 59656 23640 43558 30954 28752 58593 37345 21545 31098 28895 31853 34585 59785 57181 11365 57499 8528 19426 4430 25224 
46464 32604 20819 8019 4904 58450 22818 32248 45359 19256 61637 62210 26823 56716 944 64436 34685 147 20118 41885 45081 61780 62300 19432 52387 33311 49907 53117 46085 42448 60701 28903 7317 19819 37216 52458 30969 19126 11660 4320 
11710 46999 2081 7276 13342 29660 25537 38358 22077 60290 54347 10520 30379 47513 2668 40550 23928 10459 56594 8640 1925 12907 31328 60317 43908 47163 36747 52499 21793 43630 20773 38839 40658 5175 1499 36116 52115 30886 34754 5777 
15202 45845 45088 53541 1748 25807 50280 1686 48409 57119 20676 53332 11188 25163 44350 59068 18345 45967 6649 64778 71 30918 24160 10219 39466 56942 29502 1862 63421 21096 57966 36253 54005 8672 50656 3515 32964 35543 1502 64158 
47565 35574 34766 52222 64463 9352 22411 2133 62289 5999 18720 32600 43948 43273 48370 20882 31923 41931 28357 33806 36399 18642 23227 4155 31580 1853 19668 36450 37061 43530 56083 50295 55333 23624 55307 45439 35052 19445 19320 12723 
33754 35665 49030 51503 20767 40451 28374 33784 51901 36326 49303 2308 14774 11563 45354 19458 38863 1459 61703 42913 16925 28248 43039 63471 53906 5542 50490 56493 29603 33822 26808 22994 42868 22493 11880 55970 17698 8569 15180 24607 
40765 41223 37999 25447 34702 11488 47013 61645 58935 63382 18472 34085 6963 31373 49158 25693 20593 50106 33562 60658 3750 64238 41092 9574 13414 39772 61236 2521 50976 24807 24338 58986 51882 37987 53574 22636 39720 42552 16149 49769 
59546 61450 32326 57911 32330 52365 2147 36064 23835 8401 41625 3662 52375 31087 32805 32552 39325 16526 26902 23882 26084 50364 56526 16725 29408 26699 56164 21307 11039 45992 2178 5124 41475 47619 30552 62073 16676 19331 2258 22491 
61183 37164 14015 29278 45330 3363 22744 23476 30138 1525 11524 51790 44964 35866 41642 13353 42012 23564 43453 15546 62577 5219 27397 18469 34254 52689 18056 8442 44529 44708 37130 57924 43043 4097 3258 44207 38554 20085 12586 57951 
58548 27083 18512 8554 14298 18140 45787 65034 26480 44254 23239 30038 6816 62209 23142 706 34192 27224 63315 50209 23504 63505 13341 27050 1062 4024 28694 20559 18650 54912 6320 57948 17872 27681 55414 27728 15168 17137 23164 2795 
49956 48528 40882 48624 20784 35789 28082 2082 47837 61605 42118 51097 49494 20261 46886 31349 29876 44420 17893 64754 65508 247 63209 8473 32092 17690 28340 426 5951 19421 43743 18608 65112 13305 25001 56147 47532 53028 58723 25180 
509 33955 46123 41148 55068 39375 45804 41359 55476 62850 1652 39914 44320 28854 23373 62787 31369 52731 51 64030 23378 22859 30317 49027 53346 35198 34266 38647 36984 50558 56000 18703 13480 33790 34242 3115 4618 61267 24656 55193 
25563 1929 34433 7344 42542 702 40175 54840 25303 1651 55378 51630 30740 29397 26583 2326 43910 46440 44833 18688 46150 54846 38795 8909 1708 58109 15326 51547 26029 35926 34463 39223 42508 25645 8375 43645 63724 9778 11569 35546 
29247 4827 6787 25103 6247 19892 33746 53548 13706 32524 57990 11070 43588 27626 39536 2898 25756 47821 64100 65359 2882 45522 13295 47347 47191 49083 24968 30288 15466 58177 55551 58251 3264 48314 47925 6641 2316 21900 20162 42613 
18046 41463 20777 46034 64130 25711 34214 4380 58962 39308 35295 26624 32576 53223 52236 54556 56460 47761 36699 47946 1399 23903 26547 7556 15442 61325 27277 22814 5402 47056 40802 62384 1024 43428 7333 7481 33959 44345 59669 14944 
33230 60313 33147 54826 28093 30651 6887 35085 6573 45634 38816 22638 18965 2210 53349 22673 27888 16016 35042 34048 41652 958 26662 56450 49022 47141 24129 29542 5691 56192 48907 14548 30780 6758 35870 63422 39969 60526 34889 34331 
22454 40677 20180 24141 36437 19376 28126 31068 64489 59194 13097 46810 55925 54162 27706 43653 38895 31207 23479 19411 4609 14188 7175 26106 17547 40952 11309 18174 64027 26977 29759 10821 23889 62193 31840 41748 54855 3649 35657 2623 
49520 18312 266 62527 43288 24955 29063 10629 12269 34785 23355 15023 1398 9169 48427 24724 55368 27704 13988 54392 48664 64787 49587 65144 17166 40430 45390 53196 8589 18309 8622 23892 20534 54089 10756 26262 56756 6076 35393 37128 
40077 27545 1939 1185 12035 2009 62527 19112 11961 52048 50611 16603 38288 17104 28364 60706 719 22837 37921 13187 43516 5077 41097 58034 31856 10240 57321 58763 49523 38220 64564 15256 56105 2405 62116 12910 30788 15069 42178 59408 
52113 25429 30956 8437 28988 27294 14511 27763 15108 33571 45761 51786 64469 17363 8886 49609 15348 39362 28160 61247 28920 19629 19 48512 12025 26817 63028 3265 14386 37537 31864 18735 31114 27980 40361 50886 46696 47177 52372 61843 
