90 90
31308 2710 24332 18025 51161 46591 31718 54607 17084 22402 48741 35979 4236 28105 49583 60133 19459 52509 21808 49938 1765 19142 4542 880 13355 27683 49258 17478 35293 39199 25829 34696 31104 23543 26668 60346 38938 61916 22166 65106 20543 32082 25379 57759 29607 14478 65219 35188 5308 18163 1140 60409 26927 18022 54050 19079 44846 13322 35185 65363 36968 54693 63479 1902 17541 35227 33039 58760 21354 43524 28839 18925 48228 12840 37792 17133 26972 45875 30636 28167 2307 1322 27959 29777 5793 59181 4832 42782 44817 5401 
2753 26298 28825 54641 54415 42102 15130 26532 37971 26866 64074 12860 33081 56430 45729 29436 18830 12672 62371 41580 19049 42436 61570 11733 59742 12233 59111 61651 15201 39019 48841 43877 58653 49790 58327 41203 43980 46021 21537 8484 30818 8488 45812 51051 57150 56407 27454 42591 25763 10524 52680 30395 4296 5603 3099 41576 34806 58311 54669 10559 2825 21202 36179 50850 25103 14961 47567 43371 56237 12160 63063 27717 38265 47415 64319 8145 59404 31887 27605 26454 13041 64955 21236 46935 26230 5737 47295 56090 53947 47423 
30407 54339 19381 54323 37893 34159 56657 46006 10833 24294 20964 60820 63486 22748 23807 39092 60205 12954 48587 61036 16983 6342 63238 20462 14217 45599 9252 37904 26722 59100 65289 39208 60552 8472 53903 64547 33632 13456 57701 39869 13139 41563 60816 29594 9049 6995 55815 3224 32829 28899 15668 26548 33264 15098 8386 31812 9364 43918 21771 26646 31135 39622 14309 6709 54542 2800 63519 53975 3816 56676 58506 33728 30792 6979 20087 17848 1731 7100 34781 63180 49418 28462 29792 13112 20440 45810 27205 15744 26113 45024 
56349 31886 54807 8585 52796 47839 6673 18543 27668 4537 35907 61518 64351 55573 34450 5593 32398 17807 10930 45721 32622 34868 38791 10225 19530 49031 65111 53014 56739 23318 12577 50916 855 1109 29581 9975 9320 35963 32718 49034 60952 42149 12006 58917 7143 28863 45611 64696 17431 58251 47101 43680 47533 38996 60296 1427 55023 50703 7668 4702 60784 34531 47809 21789 33962 46717 17194 6412 38968 13906 2366 23905 58909 58882 53157 15852 31614 23728 18540 13591 60021 2493 19633 10870 54313 26795 40109 48532 59773 34524 
39926 30264 35225 19891 33974 40731 28255 40139 52129 40955 10250 32049 52914 18307 56923 29011 37672 37318 47732 61126 25156 44631 14009 35765 4708 41508 13398 65319 23066 47928 5385 45767 5143 50419 9222 3510 16795 22255 1840 31407 3668 21507 15401 17842 39380 52921 11638 22288 50701 4121 53181 28767 55773 35246 43506 64161 8497 64240 41423 62367 16781 60034 17369 45201 23957 62458 56954 16044 11175 39268 52407 36319 58026 19268 51570 49182 315 31235 60466 20219 60223 30490 42831 33296 32288 43152 44922 14529 48959 5790 
49896 37808 33116 2360 14409 46934 39720 60738 58423 5486 35527 44335 62573 52325 27125 15453 47552 61697 56770 43179 21100 14739 36466 12300 38440 54528 888 23344 26656 43922 2713 65267 47101 65399 59949 43978 2084 10798 3123 2367 40884 49994 24687 39697 17936 39590 11923 5379 35214 31824 48285 45141 3448 23383 13501 48135 17109 30621 40396 27605 22866 13446 40980 28277 24068 40286 4832 57186 10294 14852 40783 12644 30046 34153 48047 63239 63417 40166 29974 49520 63009 60859 44161 10586 2006 12714 22890 35146 3087 57843 
65522 56512 1159 36729 34051 19640 44984 33830 1937 12529 4318 46733 50602 14609 20106 39289 62462 17960 61408 29219 9867 61448 63822 12926 8622 4167 50699 40149 1707 23920 61675 41906 27938 56687 49019 53734 3693 48203 13852 2203 21048 35415 57270 41978 64787 15255 63571 53993 51491 49784 65515 28325 22093 5652 6585 58420 14226 33846 38328 64938 10650 32970 6282 34658 1036 27212 56890 4687 994 49393 18196 35213 5041 38383 13811 15413 52443 33146 4275 50963 21176 6326 2641 25977 21353 11214 52113 6436 49951 34988 
17069 22688 33248 62703 58104 42834 60770 26274 60174 1510 62086 55541 59152 40282 41260 41795 60135 62307 54782 65371 42068 61094 26294 35177 8548 36923 49412 53762 23369 21060 38242 57424 61803 60688 48133 32864 37657 61968 50255 19347 2761 63901 17663 29665 15099 40126 48045 20646 20673 29826 10786 27936 25576 46858 55977 3562 56940 45375 54055 50099 60231 56960 56704 21517 27870 15112 48497 21564 1880 18833 3556 51060 24323 4027 40405 16462 13280 12304 19957 16291 19628 20948 8916 11127 45398 3118 52355 43914 19543 23986 
36532 29512 48334 54261 10102 50583 36420 32320 48507 56132 7871 11788 47894 5833 38108 61849 4731 58917 2105 55822 52659 41938 46865 3343 52169 58206 53190 54730 60162 37449 24847 41839 59587 17109 17326 8364 48264 27992 59024 59430 25275 40161 56559 48478 24384 18384 54154 13274 29907 44362 37778 51683 37493 50100 45475 11103 30559 18143 15085 7232 21477 23164 20303 58300 1286 31907 24318 59572 32194 27257 22595 17347 24090 9200 36576 13108 42048 2612 7175 47025 32503 47527 31451 53097 20163 10242 53179 30376 63080 50908 
56009 26637 34753 29337 24625 50390 24224 48414 8408 53785 50794 5794 26081 50171 10212 57745 34024 33207 48095 45169 7836 64313 62405 22199 17631 33850 8940 41327 10279 58646 61505 21177 4165 33234 51393 59444 42892 25753 39878 45039 58401 60399 52998 36826 62152 18233 15255 22579 28258 6144 3145 7809 58275 20263 15980 24590 13120 10651 55643 63859 11878 44845 55966 46554 57701 32805 52751 41348 8641 12571 61378 33467 56615 9544 26059 33446 24424 65071 14643 33543 33251 2120 41427 421 39544 9154 50155 44348 21203 22421 
61759 19664 3087 35502 65288 24540 4322 53470 4592 30281 1349 13986 16520 27202 46690 19450 39956 63561 58313 60774 37037 25532 46438 21572 1823 29631 25753 54676 36416 14461 430 60485 7489 17894 26502 58331 32911 39362 31794 64844 47251 36789 7022 49742 42272 61009 32578 17553 48933 40333 48579 7902 51455 29768 42662 51331 58016 31846 48514 42941 14719 2417 28837 21828 55417 22133 29753 54415 11763 33386 47723 13266 41767 39706 61164 49996 55526 57644 6847 31061 10561 35188 17693 55987 42714 18345 43019 65106 11188 43996 
56388 17164 15333 65205 23209 18908 18388 8549 12628 1 22837 14708 49957 19571 53555 2426 26487 25249 28862 64000 55648 20306 5933 44581 27855 8367 62928 51013 37354 42959 3080 4244 64975 5852 54411 14837 21689 53023 63998 46183 11114 11473 12091 55856 2000 9283 13128 34648 43021 40868 44818 10884 25312 28594 30440 50091 63792 50061 58516 59793 8124 60 17067 33819 9674 26449 64857 55463 35704 48408 27763 42163 28992 36367 1533 16952 34164 30909 51722 45784 8343 50352 44030 32298 58801 14807 48133 47047 18122 33562 
48502 29312 1992 2826 59413 49574 55307 9885 9133 47999 57353 23426 54240 51540 22816 26481 4546 22913 50478 60252 8813 46576 13144 32385 33108 24676 12119 64875 53040 7650 4911 16104 24389 15995 64757 53687 55001 6619 25652 24886 53853 18149 32129 1261 2833 29954 43043 17201 19540 11229 43907 26795 34108 35981 6883 52985 44894 61173 23087 31120 5810 33664 41597 50750 18525 14362 61360 30268 9036 24156 61581 11120 17204 52426 3656 676 13549 58319 19670 50748 39977 35092 40733 197 538 153 35959 37522 18030 27919 
42422 31152 62935 45583 1934 55265 30370 12177 24645 55337 36728 21766 1227 60315 18164 40944 51293 51023 30496 226 61865 8806 14776 32267 33357 64605 12022 11702 14588 32507 29180 27804 14475 63630 44361 11866 53812 1854 41655 42475 56190 14027 62380 15926 32210 44186 56348 10792 19745 50260 7207 39260 17263 64073 9701 2859 17020 3032 42615 25298 1856 5144 10402 63493 24823 28717 44807 27514 43556 55453 1527 53613 9663 32413 10068 61568 61659 4594 17113 36672 50768 8431 2294 26574 61997 33572 9267 16536 12759 5673 
41124 34752 2882 43772 41897 61932 14761 57169 40773 62907 34698 35222 52593 62896 35172 22643 4738 48008 31206 27617 41153 34697 28841 7435 44537 41312 35749 57665 62757 22622 58058 43155 37126 4881 51872 10364 56512 17869 5856 23895 30110 64093 10669 23130 45711 40285 25482 35494 43531 65405 7338 57358 55295 18131 34995 46010 41697 65428 35254 60257 3239 53663 52910 25794 63996 60774 35896 4112 62287 21272 64269 31315 46313 27261 54230 31461 56989 20654 43209 9733 6575 47468 57567 2592 8288 20528 25610 47452 17515 22419 
31159 63678 7932 1440 65245 27274 16145 48756 60787 62495 9676 10560 3795 41674 1653 27519 52437 55425 44457 45974 2503 50451 16919 26824 19484 15709 41271 64447 18746 840 39142 53212 54020 20876 34431 11572 9026 55582 30158 38115 40654 13267 14558 61455 52763 53703 25118 52412 18946 46544 9066 24776 54603 44038 31693 3332 4906 23201 28777 52768 15880 42373 16779 54601 37001 23567 28189 64159 63165 36482 59279 36135 56413 18113 12921 35658 46280 4265 41744 33249 28940 59276 39623 8850 35025 1040 19610 27417 30975 30141 
50875 7163 12758 29143 4758 2175 53673 25292 53814 65014 13938 52071 37693 44035 59482 47029 8903 10905 84 10627 36905 38541 8717 52804 32439 20299 52800 14389 20787 28089 1528 59555 63775 32092 44972 3167 55521 41385 40006 61234 15399 53287 22831 27620 60565 58352 65292 6989 57295 61856 16265 53073 41195 4953 57575 22575 16648 10101 12466 17562 27895 4053 62749 25647 50123 25703 21454 7103 42163 12779 12707 41641 45680 3298 23928 106 31238 13939 15201 17423 61554 641 56368 14586 19800 1662 62720 61862 29511 35476 
20485 39727 39742 14639 27716 54732 9654 41207 63118 33481 17623 49890 12912 57673 45842 30326 63195 52515 58183 26809 33682 44098 5843 43822 10027 20809 46911 42458 51380 36710 62208 32478 6018 31733 21076 19030 9012 32558 17362 18281 22612 55039 44254 63811 1021 61785 36486 57562 48184 41171 16766 58483 57793 40633 36350 37008 32469 62950 58474 41286 30674 57189 726 44130 7439 52635 14430 49983 5553 16307 18459 35330 14291 62116 28433 1189 9865 60732 42058 59502 59091 8166 26648 14673 17693 8569 18759 21546 11107 40280 
55993 33111 34312 10914 2098 60331 51481 3639 61110 44795 49292 49420 31727 35567 23557 16838 51781 14336 12722 31391 30130 10474 29147 28670 32426 37988 61294 18699 27303 4784 64577 64874 6036 5843 38925 33579 63420 19596 58167 51752 56195 41241 46078 13903 48670 58706 40309 32998 6183 65104 10540 48629 11665 35456 50955 29354 45877 28032 64999 34265 60622 30309 19943 16205 36612 5700 48921 55577 57018 64883 47169 18515 33761 53930 22946 15822 50094 53428 43902 30629 19871 62131 25122 63843 12133 59041 26356 21277 58568 27805 
32331 34011 24222 21392 26000 17567 22814 49129 798 64540 45091 6697 4529 492 37647 13540 6389 21332 3918 33200 29209 10254 64929 34423 41284 13122 25936 26750 47794 28027 55539 24348 23582 27004 22869 57419 45435 38566 61521 45019 40881 58108 12424 31747 46564 14588 35806 32960 19081 21353 54632 28492 15374 13823 8976 48628 51447 51138 60522 58554 11589 12581 46543 41248 39969 42038 10302 63596 6517 37035 5189 65350 61327 54972 2767 32327 55597 61751 24914 36693 34530 28413 18191 4973 38357 40202 62136 34647 25433 48705 
6538 42556 60405 33204 10700 19132 17558 24526 8483 60457 5972 24852 9604 60499 18047 63238 59165 21184 13494 8282 58751 3888 9424 46522 57914 64748 11031 922 18028 55672 39554 60660 28097 21682 5161 250 57379 9149 32553 19174 31579 23282 42451 63245 20091 31018 41220 27293 42451 45372 13403 45989 49761 6513 45274 41710 44075 53927 23662 15934 39481 37862 7559 18946 48594 32086 44405 1708 2142 45409 33910 58733 21040 33439 33224 22919 30790 22335 60401 22823 40064 39922 1913 47564 49852 51471 49021 30675 26256 49228 
47952 1113 1857 51555 64730 40183 63752 58192 56199 4184 2122 58742 34787 55669 22461 54987 45972 18084 14013 44553 12946 52465 33769 11291 19807 64948 5594 7537 16501 35888 37031 43839 15903 65297 491 43123 63514 24599 9639 56180 51365 51375 48211 31804 56582 38138 27495 45545 12829 7779 24085 26757 15419 53811 21710 54504 34511 64498 33720 16363 32922 52844 5408 38280 12624 31558 31425 58772 44136 6367 25966 7850 35680 12129 37579 28631 17458 65383 48793 41104 18650 32590 65441 31384 7338 44352 33088 28247 59014 7096 
3332 36023 51668 43657 8461 30807 26351 11650 23688 4762 15251 64332 35780 51571 1883 60316 28859 26006 1137 49917 23353 36709 13049 10426 25859 2229 64303 23913 28068 63806 3079 35166 23854 46930 65301 34590 46499 7287 54124 30751 32902 55557 34005 680 23882 26488 57538 58900 57291 40848 6070 14639 15667 46583 39640 18702 44778 38675 22657 9784 38306 7964 32390 46165 41624 15666 31380 34728 52232 51302 27573 33342 13191 20062 45836 16851 582 48915 26145 57119 51022 49927 37555 63914 34895 50587 54149 3748 24874 37653 
53657 23781 13784 21677 36705 42162 20509 39058 45674 16779 21580 11966 20223 11998 39526 50272 38619 16351 15678 26797 51288 9039 29978 64326 19997 25149 17400 51771 52831 17185 47884 54468 10439 7836 43312 12965 38057 35327 4566 12615 49687 606 9345 39176 50611 23461 58283 53927 17677 29303 30861 24519 64274 5882 28427 27868 56262 14131 15316 62247 44132 33350 32566 40065 17969 45697 46102 52213 64526 48144 11056 39997 38951 1854 41899 54658 18738 57375 44215 36012 35737 45479 20854 61143 24715 47262 54229 37554 10315 16376 
37975 7174 27971 42482 30917 3299 29131 17422 15398 4294 56782 10348 7744 7583 21776 4738 29458 50928 10925 64080 40832 42961 50621 54413 7878 40596 44728 44599 33311 4995 10606 49302 21645 31957 62569 8877 32344 42294 46686 17912 24343 53688 43917 56007 19398 1244 5200 4532 19705 59416 1455 54605 54595 51229 62534 24774 62114 24876 45678 52187 10814 29544 38442 42859 5030 9350 39496 40284 29782 64302 29583 48122 36467 1120 22810 16150 41203 49638 14235 6720 63701 25750 14490 682 26476 5518 22988 16684 61103 10530 
5576 52002 6839 60888 63067 40340 18143 33358 1054 11371 33488 18054 4993 50397 52543 18939 22071 39362 41510 49986 36786 34738 25345 22028 36601 53930 50288 61030 41186 55842 41282 20776 14651 26729 29316 29667 35969 55497 1429 22178 45388 42584 17020 19885 18434 20864 19437 57534 36243 24714 29906 591 53250 61655 2541 27174 28870 12533 42300 38561 42610 54915 35531 30600 105 6262 44159 30351 62941 21017 44768 47875 52413 53992 27291 24376 20908 877 60668 62677 21256 25249 10257 31753 16535 7609 35425 3869 50357 51480 
19343 16478 24075 31154 48833 14445 31700 4434 29758 49620 23422 42060 47179 15614 38255 44113 11878 32314 12410 55160 26228 262 43763 34350 40883 54279 10128 57617 11197 23772 9253 41515 62940 57084 6225 5522 50778 24846 10480 36991 12095 50133 56539 13995 49909 51653 40116 14757 35925 47334 53014 9068 58641 1725 27575 54950 64452 61894 16226 57655 48120 59762 5868 60220 15289 18408 29339 41023 61391 26031 15929 63101 54992 4764 4276 6282 40656 9560 9491 22782 46263 27547 3131 32511 45783 22417 8451 11022 13906 3590 
12670 5043 10380 34316 18848 44652 32753 9642 9698 34870 35160 51658 11735 41519 12930 43824 54982 13392 63472 19699 39270 16360 5479 42371 2619 5123 3458 15855 53925 40834 36948 26921 2455 26222 22485 17175 44736 2707 59537 65394 56784 34400 61763 9899 42094 51472 4321 39901 53170 7167 46508 6339 57878 10389 54124 48500 15228 40079 2084 61608 35177 57685 60402 46274 32638 58156 12247 39319 8005 56469 59955 41966 56798 21103 953 37525 64720 10092 61725 42086 44271 42437 33665 61108 393 38264 25938 4461 31204 10548 
42740 2751 12212 35974 3673 37228 47231 38927 30350 57031 21004 25557 44453 64143 55582 42279 57229 9174 57874 12306 57673 43956 63663 54728 51846 59222 10446 54257 49261 65022 62020 6558 21260 57618 60881 9611 53922 26850 5379 14991 62266 64540 27920 62076 40589 50953 37792 25250 7707 7115 21720 56070 4758 62156 33427 1826 20289 37333 54091 59855 29900 682 37247 61209 43265 48007 19515 9556 55926 34410 17788 53974 37067 20750 59645 54767 60341 26166 15847 11471 24628 58562 32483 2880 8759 46690 7990 64624 60900 5144 
34908 13483 49825 61766 61489 59249 1643 64724 54858 57000 39358 24629 7747 26870 43557 58121 26390 42643 45718 10816 46575 62253 56804 16810 63510 44209 46429 19146 27020 57288 12495 17971 55942 49564 33952 12260 64909 63211 4884 36769 22759 40191 18744 57830 39818 50806 33920 25662 63856 60450 4535 47264 16153 60086 59424 23895 46761 20301 57888 45735 62177 18947 34247 54887 54300 64839 56977 62743 25971 28631 23077 36508 51077 4273 3868 10064 15477 31071 8085 16755 4688 55684 62627 3723 44650 42922 19345 6494 5167 48316 
60775 9545 21857 60441 61038 26792 27720 61856 4296 47873 32398 51138 39154 56630 2864 53357 32255 8820 37982 18519 15387 33676 62251 2382 30040 49958 9979 48646 27657 27920 13615 28624 13108 34447 41171 19039 32741 34129 17176 30468 21230 44119 50451 14808 1434 43093 58469 60920 43627 57132 17261 10284 63351 13922 15388 62207 59282 2292 2485 56770 59828 18969 40509 58803 44184 37862 61035 45911 27023 8305 38688 13494 45767 11096 32887 52172 36657 14405 19958 30231 58072 60051 50704 46885 34723 54603 60167 40310 18348 23115 
53736 12878 15356 36489 34957 33920 3742 15529 3325 1103 52069 45924 58268 21562 6569 62315 54428 19628 36941 39562 57301 33856 36381 49955 46263 12219 41228 13960 13306 45040 14664 14646 51477 7805 24855 29245 55314 12128 46950 330 47605 60474 5157 57258 44421 38339 13046 62643 21723 21870 52280 63199 48680 2683 6339 57771 15563 11706 61608 39183 40192 34043 64972 52226 36063 2202 59675 64866 9657 7377 5027 4404 52322 41310 19540 23351 26944 47434 23009 47541 42684 16344 49609 14106 17688 9726 21096 43305 30241 56276 
34036 43977 5950 21826 60000 22496 53574 8436 54515 31377 44026 29382 55234 7468 26230 4185 12300 55711 8502 47210 15832 40116 43011 41518 5559 38657 48463 49172 9654 58101 54849 30615 44912 19864 32792 56382 5709 52495 13978 15175 35838 3588 56336 56927 43865 36339 46242 34792 22209 13497 56195 38089 35305 45089 53527 3286 48562 42594 59634 39817 17941 5607 12039 24266 29520 23713 42107 16547 21316 61160 56366 33136 5784 13218 44180 37847 63657 60769 18317 44409 57262 2480 64389 45710 15129 29476 40245 45351 7271 45912 
46069 48036 61677 54351 62768 62296 35810 22792 18269 54833 44301 39357 15850 65039 12205 9036 63639 36929 34806 8704 58968 20998 4705 63907 46757 56372 6442 44532 49365 45414 23915 54310 45988 16264 51448 47297 30432 8587 46550 58112 60163 53293 13606 23362 10788 59007 57692 56723 7948 53402 32419 38741 37923 32453 54287 46708 8443 49983 1218 19485 11051 46711 60737 41351 45349 62546 64381 9547 17544 55706 1495 55209 5808 31987 47466 19034 64429 61724 38107 62781 1221 30152 30007 36835 16164 53846 63885 27597 17639 11184 
45522 58087 30427 38510 26279 20918 30011 27567 25234 42033 25872 59058 8326 28379 15168 25535 4246 39570 6827 37672 48300 60607 44125 7257 21504 45221 14097 6062 59863 48388 8469 4650 26475 47388 56764 872 12579 52303 18581 60527 43314 21927 13420 14298 62431 17242 5539 18079 576 65316 19456 31333 62132 23203 12125 55263 58406 47315 39644 14037 58765 41903 53172 30782 59913 45554 31214 45868 29452 42988 21729 31482 44370 20890 9339 55017 672 1336 25830 42057 62680 34041 33427 56169 17909 38921 801 54238 18129 63649 
44521 30037 18978 33501 63492 65015 32098 23459 47894 62869 47714 39905 41122 28150 38201 21183 13857 62379 17058 12107 40367 10114 45107 6919 47667 27732 40507 12825 30710 9808 1703 20561 16676 48396 47748 48748 6554 29510 26900 13591 40682 38877 43426 31746 27141 11975 7009 44405 49940 57419 22232 54732 33958 14913 55136 4354 4292 45935 29397 56318 53699 19847 35293 18858 25981 51850 51373 11464 59753 15117 54882 14099 62702 41357 6643 17566 34897 55514 36129 24352 19578 44787 51712 25210 17093 29746 59799 78 38343 17993 
8038 39792 7436 47590 38607 40139 17072 63600 10106 49178 63602 33639 57234 49294 9616 9492 37310 60590 13519 22775 49050 44776 16769 3835 579 54075 865 56510 55896 22605 42020 17632 15845 58541 55331 15956 13159 39432 38037 56804 30744 37262 1986 24173 2970 57860 13339 58785 22642 58549 2036 51283 4166 45124 2910 15284 16199 65263 15248 10533 5142 63208 12813 47666 42713 47893 49649 59944 58819 30482 10388 29847 32778 44774 53475 708 58164 11563 54838 40896 34372 11228 56893 6764 45169 46369 17478 16610 40255 32746 
51155 21275 31834 49224 26531 53152 47838 13853 4482 23836 57865 39673 15350 60063 52131 18263 60727 15997 6841 48162 24270 28740 34624 45767 63212 23221 8737 65348 53642 14156 21612 12452 6421 43828 28135 46635 62234 58977 52433 4892 43276 40114 25472 10564 34265 53817 57139 7144 29183 11287 11892 44188 2226 39912 11303 39233 7381 41057 53738 46433 10806 12809 35447 434 5390 56414 4108 25872 7160 60994 45052 7507 48502 19752 34649 59172 35363 47865 26398 4369 60021 49071 30314 4928 9656 55938 35077 41607 46473 54748 
62008 61042 54829 37109 26134 47481 36726 19214 40424 38979 24529 39254 27290 12114 11148 23813 49711 39455 62690 54697 52507 43909 2122 25202 21729 27092 28026 40329 16135 63543 53770 34903 41140 11415 19850 61584 37218 30520 37544 16351 54368 39996 44253 6639 1696 22135 26467 27877 324 40367 39868 26997 10836 50890 47703 42117 45149 53394 31366 18719 64679 22994 32357 27683 24627 52857 38929 10509 6299 32609 63105 25002 25768 1050 7357 24661 60624 32111 32990 60128 62308 56576 61767 19930 62949 56532 61730 37701 28858 13560 
58521 42716 20341 15519 3550 45413 57560 36024 38003 56321 42958 30399 63316 61114 41316 62854 47360 22374 49326 55498 48005 53198 6293 28285 14105 14177 853 30679 47141 25272 35395 57222 62625 19386 51954 33755 44723 8918 45104 29778 56274 50736 22996 55761 42136 27522 38088 29216 33268 16057 57950 54111 5695 22618 34696 44473 30816 17026 45553 58413 22749 34149 39607 30479 46431 27026 30814 10447 13094 21772 19926 7690 30383 39018 31968 32553 52294 50018 64532 33704 61499 18737 10796 63286 62250 6146 20232 1846 38552 61015 
7223 59701 29199 20346 59146 8088 49245 16350 56010 18397 33622 3828 38379 38933 46538 16380 62445 47742 54729 54304 56602 37912 23682 34818 2826 1344 12222 24767 10846 61996 32577 45609 23386 55595 30367 60919 41220 61745 22022 13522 18706 61297 20038 15993 18694 22732 25294 15222 30620 61260 49644 16884 24402 24694 44121 5737 53082 28220 22027 38468 56668 26457 64005 65107 46960 24540 51938 56397 54519 57229 53772 30396 64464 48903 37295 61677 17500 44853 64277 45059 39719 11234 45488 36926 17650 2040 26049 47205 25517 45933 
52407 25703 64673 20341 49445 43580 3927 49750 56909 18351 49759 14910 52828 35250 27151 10086 57722 18394 40810 54739 38599 48349 22062 26407 53704 22459 65150 48200 33949 65251 33561 9588 45591 17072 1182 45585 39058 16772 60962 9020 22402 21521 3313 8922 22099 32828 18439 15873 4862 19359 39220 45826 27807 8327 40242 6827 48826 19124 32534 23867 36683 44759 33575 53616 28041 44482 6849 14467 21834 57890 40141 59184 27530 10036 40818 49163 25062 1552 23482 31538 62609 53248 35256 38578 24974 53631 30114 23011 60052 52173 
1414 47301 64186 19577 38486 8119 61600 39481 63547 22876 43456 22564 58251 143 13087 22567 22581 40978 53185 43364 46136 61695 47315 7985 48165 2775 41833 34120 5379 21780 21043 32969 48679 64856 3431 62465 28631 26232 28729 55736 65079 37444 18315 10388 40291 42161 10980 39423 18006 30453 15891 5469 20470 54933 382 60558 38109 41301 38494 14582 18323 9048 802 23427 21678 40246 15726 16555 11880 19861 51086 12188 47350 14547 39643 33558 20337 21734 25541 39948 33506 19252 60373 19893 41760 18980 54638 50969 19121 56760 
29109 51195 1852 5051 52555 9076 59658 4221 64136 61213 63869 2134 45825 23887 53083 58175 39894 567 51228 3604 50618 58772 41009 33699 21573 14433 44033 7342 4134 23733 46341 8338 60207 62447 14524 18611 13196 44346 9306 28279 41886 50785 59280 44706 23821 55096 19275 25326 6804 59847 22753 20934 24770 24619 12253 64955 30076 8987 42796 21699 56596 5708 9158 24282 53272 37290 31516 46438 57968 24827 58421 58825 8915 46781 55969 52793 14205 57365 24000 39326 34705 22225 3769 56971 8649 887 40509 24495 61989 35600 
8686 33916 15823 46254 41857 51559 31125 11711 11376 31095 19409 21560 26160 43806 51796 9500 36729 17837 3626 26840 18600 56509 21112 19083 5831 52513 16626 19622 54593 65399 11763 35800 52781 35509 52193 36355 9676 54983 30013 63276 58710 61084 58791 52586 13062 23166 61813 7782 47067 39930 40104 38983 38077 15033 36961 38398 63028 39935 49116 38596 13899 21469 55192 59235 7007 4912 44378 31356 6790 19474 59164 8351 26283 47403 9736 6506 16689 33811 57227 43069 61139 45809 26341 56901 58020 11346 3175 42768 2448 39322 
45099 35819 8268 2598 31605 64193 28112 1654 56096 22048 3858 34692 53092 36492 36560 2188 56106 12375 42102 64333 60640 35379 41921 12134 30052 15526 2042 40944 62143 45139 22178 49290 19799 11587 11103 4536 7839 29424 11413 16705 10206 9840 16914 1846 62684 46688 28777 32074 26571 44941 54046 43882 23856 46109 49329 11199 29510 6247 6287 59945 55079 22761 6003 1360 32961 4713 30242 17820 56365 23832 61207 34158 56070 6069 48500 256 41575 56364 12317 14617 38490 1213 2389 57295 17426 33377 50623 38279 42406 37979 
44827 63413 61253 2909 46430 53312 36856 22580 8022 32463 29932 38546 2305 56177 55637 4545 1321 55795 56664 5073 10694 56942 47375 21259 28326 15310 54027 7742 65145 35507 27004 24639 42475 25364 8066 5625 23286 774 11017 60523 10219 32066 64153 55043 38192 53472 65067 27986 27473 10073 18251 54299 12729 46663 11570 63091 51947 20501 3894 48790 35023 41746 49302 11025 57546 46779 36797 51799 25080 7738 9040 58440 34914 46015 23414 15358 459 27456 61301 61001 59581 63573 12250 14833 17226 8445 27864 21717 14755 36051 
31465 31070 42979 16150 31473 26520 53859 56360 8858 37904 28229 52351 47699 53337 10729 35087 9726 8584 59148 25914 36350 50603 11456 25247 47086 46400 43965 337 41748 23046 11991 29137 58755 8887 62455 11917 21699 57943 38412 53471 15270 29742 2014 19828 18218 30705 35472 51926 32027 15523 30078 62216 24424 19398 6741 17263 41668 15712 11549 21909 12879 59976 46920 11507 41644 42358 54470 57964 28125 10660 19159 56878 9393 38974 42595 50709 47962 38290 25979 42758 11292 8274 58618 13586 12529 56073 52169 26980 54470 16968 
61301 21468 47290 7538 44020 9821 4340 55540 18798 18629 27836 63015 56582 10496 24877 11510 29606 64370 27201 19094 56668 60998 47011 58430 54592 31600 20690 31362 53539 57253 3786 33524 36206 44753 38731 3557 27227 25336 50022 8976 29754 55971 4121 62180 63655 5005 57126 35298 5352 25668 12826 8410 28244 48757 51977 51809 32774 1103 64041 29020 51645 64065 7019 5496 48342 56454 60389 35687 33075 35828 11105 35711 64345 15239 34561 59474 12749 63906 26295 32139 35030 4734 22385 52981 59329 9440 45374 48779 16429 41497 
42742 6126 27902 9723 8363 63299 64919 7741 42919 11693 18459 41611 749 42480 23337 2633 53876 56034 13256 4904 42083 65012 5164 63234 2403 19260 30525 19159 20190 48452 14544 44070 59845 19127 34789 29184 26698 52802 35878 14410 59892 59144 29005 56155 8871 27186 24621 26300 40288 26496 3922 20877 18806 62483 58644 27430 45027 12345 33807 57692 42035 558 25063 20052 6750 9357 36693 41293 38378 44648 49597 18950 27581 37585 34259 38531 49083 11879 412 8426 12944 17836 48017 39601 31834 52345 25255 44984 37054 48689 
46774 16536 60774 38932 60347 2813 65141 57392 14243 2946 50170 61972 61051 62727 58453 38347 2029 4477 17762 58453 25231 20328 16380 6922 43642 11164 65160 38167 49021 27708 15702 16094 55402 14998 63980 20202 3647 48511 52716 50651 65302 59099 3880 60065 1552 29305 22757 34986 435 20253 57901 22555 15450 16039 60964 33453 62970 60121 58747 54216 11353 12018 63385 46734 31454 62699 41907 19831 25249 59988 37025 15872 54921 35773 65109 42896 42439 45036 36383 38572 27686 26120 55454 61415 16286 35845 18236 22234 62175 55754 
16925 7138 22492 34117 12874 61177 42890 44618 2177 47976 30828 6238 4466 56685 20944 62854 14481 31698 56632 30314 7434 44530 47717 17596 64109 2822 18321 12929 37533 23894 50982 30811 25669 36902 62789 20735 27635 55011 23342 59712 7108 51317 6059 48218 2790 36534 27788 53700 64319 4687 26746 724 25153 64199 62807 4875 55373 29810 54904 39490 19068 45930 12298 34778 59161 7117 64889 9218 63577 7465 720 65228 2998 51990 41994 50060 36433 42383 64549 59812 51091 13011 9235 9414 30110 2588 29221 21387 31783 24585 
33786 3768 39563 53414 57777 31216 49084 28241 920 59 54535 61860 4928 50439 25553 44954 18597 64023 29338 31202 34056 64911 41109 10387 65272 7523 13094 6956 21558 54734 1348 40916 17339 12570 25769 2720 40654 11894 29712 58256 32728 18183 4090 63845 16999 7225 21660 38292 22008 20140 29099 42068 24955 20445 10708 18579 13409 23723 61902 43149 9540 31712 32979 4663 55332 37229 47663 23113 2188 61750 56725 56333 51556 22098 36553 61288 50085 11757 31934 6980 41223 40625 57971 30433 41762 7519 41440 37549 12838 9848 
59359 29949 33065 61437 58127 21193 47091 57165 60022 34149 48709 3663 39985 52074 35324 36679 1987 7521 42798 34516 6304 3668 51992 27385 17359 17190 37666 25145 62066 64939 8070 61002 37174 45110 6410 49826 4263 573 48791 37198 23956 1146 9706 8202 37976 38091 43688 56104 36545 29764 49768 55669 2013 44751 18664 51419 5267 38706 13321 21210 54515 31808 27322 47994 58054 41286 26277 30781 22125 13558 26411 17873 52007 46651 37953 51090 61626 59599 39738 21744 54280 9006 28914 43311 49784 26293 56311 42337 35211 42575 
25778 34560 45491 45282 5145 51949 64521 8911 35206 13404 43557 30114 18328 11579 30369 61167 16747 12480 58815 16395 59253 57850 63763 20602 53449 52888 8168 266 24383 14500 463 45363 40323 13912 50070 32026 33115 36490 25567 64776 25563 44950 4059 60227 57062 17658 19323 9200 55330 27712 53420 18116 18543 52342 46162 57590 38174 39920 16685 5140 43803 200 20285 57236 32513 49943 13615 41396 57129 10733 14248 43945 39792 29121 52942 64688 57060 28800 8753 21888 39913 61663 8819 20150 190 38169 33671 1325 34908 64404 
64708 53524 62908 2506 37288 47391 30690 65193 15506 39923 50691 30134 29134 26753 61906 20821 23641 51775 25597 27139 13139 9015 52513 17804 28481 18179 4747 32463 14238 32388 19302 6151 62019 63957 46671 19431 34556 38104 37119 24017 48099 13701 24974 21192 39844 49821 41254 36554 48362 59819 60536 23771 42160 51090 52248 13808 51767 22122 8137 50418 31359 41592 25139 44815 47586 37462 52812 6607 57574 43181 1732 13562 18963 64705 13463 9546 18755 51900 63749 51860 4742 22850 19485 21455 21618 55809 56090 11313 39521 36617 
60071 32271 31767 57185 49814 10244 1761 46575 62551 32769 1595 41983 26878 1666 63779 53848 18911 6069 39218 15123 41228 12517 58461 64235 61586 8573 54511 55330 38316 16717 29744 29338 25612 33798 33126 22790 8752 51808 28863 57153 16440 22559 50746 21268 3814 60086 43014 16678 59296 2384 33861 35705 60482 44290 6948 48724 36097 28803 18101 44833 22521 55474 63273 3090 57092 18384 30650 2494 10530 49406 17155 40867 38342 9023 54206 12823 27705 11192 9378 16939 19757 26352 23876 10468 10095 51885 26933 14967 31350 56182 
12312 31213 6232 65459 56687 16545 52186 61316 6209 44933 587 43555 58498 27259 16978 44333 21375 3771 52415 43218 20556 54476 37125 17733 56505 59639 28412 19076 30645 45686 64240 11377 34494 47687 18842 64941 19597 46605 38601 34521 61468 21126 746 45718 21001 13479 50353 39786 40005 40685 47307 32711 28435 58090 12583 31071 55699 32860 26864 22302 38911 2036 60638 43040 63759 28420 58280 46898 9375 22680 992 30474 40414 47602 10840 49608 40149 7944 27930 4824 3638 6148 28839 17561 26964 60173 28458 19112 22909 5078 
5546 17965 40795 15412 11358 29344 53480 11378 23003 54997 3646 12388 9209 35440 32679 332 29669 18385 44207 8119 54033 5026 7419 58760 45345 14854 32320 15559 58743 8112 25981 64111 26742 60580 50758 60979 40626 15697 16875 12932 57144 45675 55029 65458 46697 8586 16479 62793 24123 48635 61000 48601 44548 18600 7685 58107 59319 23221 33944 31513 31179 22248 47262 25344 11807 15194 52521 43362 62559 27421 27958 4001 58239 5019 50366 41753 11096 63668 17971 64207 31919 37049 12126 50438 11301 13857 32317 61002 45080 51668 
37017 45920 26351 40936 1992 8564 53474 52816 60489 9213 50042 45515 40928 41844 41466 50383 55862 61061 9284 61000 10534 45188 49643 64072 4651 50851 30819 5981 6275 26683 10265 60689 42299 17270 27140 62860 16763 36146 9445 45467 42431 3254 61613 13925 57060 50094 52140 2381 35925 14950 32386 35204 54788 50020 40497 12794 60733 25107 25283 59163 14106 18596 23432 29613 40629 56887 56838 56629 32371 44788 5528 24725 8094 57536 23330 50184 29348 38146 24222 46601 46786 6795 64509 18643 39001 38676 55477 45255 47699 31412 
22882 42929 19305 39474 17762 42843 58492 37101 47527 23273 53640 65522 59816 41617 16960 47472 23554 26536 40404 20851 21014 57178 47797 5900 18953 50782 25587 50639 30474 61846 34215 21741 3111 35093 48752 36145 54102 18200 56532 617 53274 17006 36631 33193 28831 49004 7750 55279 53486 54377 15244 40932 52774 40175 17697 53719 26655 18761 7300 64856 15921 33641 53533 34533 48221 12650 48360 1740 47179 13833 17171 4776 7207 41577 9955 50638 23685 49548 42127 53165 41919 22742 53862 60343 862 34846 10657 61860 63160 32371 
13262 33457 36216 48629 36015 37620 36538 37142 19309 60369 40590 38204 3767 3576 6893 8971 53421 57102 59898 36909 10918 42775 3820 6784 46331 43300 31297 7097 50497 36456 46620 12010 22320 58607 43772 47059 38974 36610 38680 388 45012 40861 59658 45838 58631 36474 62185 8685 52062 35651 31737 19453 41473 47970 33922 34093 26512 24171 57377 65253 21231 24653 19141 36850 35095 35965 24140 6471 45946 14695 37265 27730 58207 18875 56375 34986 54784 29951 27441 14056 8232 63832 39904 32450 59210 34646 30397 29180 48742 7582 
1111 51651 36671 64285 17333 61113 62828 57937 64177 57511 6460 23254 23462 59927 34953 46249 44541 26425 48431 14252 37980 25793 3703 6933 43046 60196 25529 20829 4813 55659 17193 10295 3201 11874 61895 51861 35956 4076 30313 42003 9917 57331 54578 18902 27844 33621 45398 41235 15101 34695 13699 45800 33139 23778 60885 5740 36909 40712 10159 19806 3104 17504 31809 31565 46312 58371 21745 44131 22975 52800 2620 23590 56076 65481 58381 38703 7643 44451 49411 20827 11204 24664 52297 22297 5633 28060 2567 47783 50416 59343 
1943 39210 23183 49039 28605 37246 17992 7223 65170 14489 39083 13521 28663 34757 43496 56805 61076 55026 48605 25781 42860 51485 59402 70 22693 64304 57109 37890 8057 33781 35677 31456 55530 49940 59477 50275 7677 32118 29396 60580 46749 48330 6101 58559 27797 175 51855 29155 52579 14913 23744 17785 35876 32966 16557 51827 21823 36092 55306 42083 55920 15505 8354 18553 58219 41917 33119 47850 44071 3196 43290 58398 24109 27502 58070 31447 46307 25158 26077 50059 11642 35188 20608 48220 32782 59771 40904 10114 16051 13357 
41665 57041 26220 11563 60375 5522 22527 51242 58213 42278 19807 35996 23610 60189 18191 48248 52814 16758 56416 260 24407 57736 46493 24534 11833 64629 37790 26816 15665 35527 29480 28177 57992 30258 7720 34592 36301 13527 4699 56428 39338 48172 25075 7458 30923 9061 61224 11626 16638 37016 6867 56486 32865 60426 42539 54096 41303 27934 46185 41583 12841 6440 22347 62209 59951 63343 39762 44450 58771 44655 25122 52116 4412 1732 49907 62170 28424 5742 21140 24220 36105 16837 10786 17423 35091 39796 29758 61103 40890 19232 
40615 22474 18940 54275 30631 55636 34988 11533 2689 49795 25499 32458 50431 23892 25324 51047 58990 3908 36201 52475 5607 2498 49512 20833 42987 24446 29148 58209 19393 39830 59690 45121 33327 3 41677 5289 29517 22344 21818 159 48270 2221 15973 25927 11459 14547 25562 58758 43162 62882 45703 1052 10423 23177 1037 31511 47941 61191 28626 33744 21803 45699 42425 40719 32146 39355 40700 21997 63803 17829 2975 48612 17537 49295 313 20713 260 3946 39798 62736 17194 18722 11426 43482 20359 8998 45115 8715 36342 43280 
9979 58772 64870 52924 41847 45542 21144 51399 39448 42264 25120 17606 43336 1816 18796 50798 43554 39014 41216 16485 10991 11032 60756 64705 26241 28940 27159 56061 7331 19102 37438 54903 48398 58345 54784 41605 5786 32374 49533 35674 7441 61599 45624 39561 44467 13548 63028 31826 31297 4433 33929 20785 33140 40721 19168 27375 9938 61210 10027 42983 28363 5328 59446 6209 61789 45754 56681 4362 54163 41422 55943 34405 26699 55909 65315 25685 24351 53997 2631 43469 5313 29067 24691 20743 12976 21114 65426 3730 20062 63316 
27459 47983 54479 4535 31115 55995 6156 32886 52955 44166 50258 3780 55263 11201 1613 29631 32448 15346 48523 12966 2350 50530 22952 39354 5973 10768 17728 40843 22058 17245 61026 52743 58954 49330 22434 56043 186 33292 58917 33511 25095 55585 58827 50279 17401 39020 48864 40830 28780 18688 21384 10463 50233 44710 50866 42969 56964 53248 63911 68 39979 28667 65315 54 28585 14237 27937 6005 2920 56249 63400 64211 1164 39547 24379 15315 13167 22130 47944 41505 40926 60964 14907 15962 52148 6078 40357 39304 56678 41061 
52930 14344 34824 13507 58659 28226 45218 37378 25087 12418 60016 61711 23250 10823 48794 29914 42726 36749 15197 29246 39732 42371 15591 14005 2017 52378 44919 31335 18497 17026 28507 37944 25663 17711 59414 49181 38895 53026 40229 29629 27918 38744 65026 9935 46702 19743 8366 15371 1310 9354 14504 28799 19016 42350 17784 35956 22915 53004 13708 40393 24365 4548 52288 1225 53001 48787 3579 55369 28340 16304 38627 26291 61426 18412 11162 4473 53405 2724 28940 28220 14529 18375 23522 40703 40392 32450 43732 9490 6964 49221 
21171 53655 62715 49198 60328 42524 23354 27429 3573 33202 59604 57449 58858 11887 29305 18414 49266 59516 62912 7028 55062 1490 44916 59757 31516 26919 27540 63384 20235 21150 5307 34480 46097 35482 6103 35641 26527 8510 515 54397 30154 57615 34612 13022 65199 38851 8200 59544 36255 32234 6465 37988 39471 38899 49229 6481 43540 6007 54023 1927 53201 58657 48573 50162 16619 61652 19199 56076 15067 33120 57200 12608 38161 47821 37644 14799 24991 21174 60585 27322 22660 34753 57542 34994 54734 5834 42180 16067 37058 41455 
48102 34476 64175 15586 61451 5357 810 60435 65405 65426 32473 35465 24167 23923 49886 4855 56097 40009 29446 48424 32968 43936 28357 26596 3194 17293 32211 44784 38755 52067 3014 55557 30718 48311 20091 19989 19446 21302 37225 10493 8849 10550 15008 31902 58507 11333 9819 55097 31386 35165 3536 39000 53544 5249 42665 117 43528 27038 466 46765 11837 54959 59453 62194 16856 11244 21442 43375 45012 34684 64367 8120 45468 35361 28563 39372 9152 62057 7779 28373 25004 45029 24327 55897 5957 25944 59846 47149 3687 20177 
33564 7114 22809 45786 62352 55225 48242 2730 57586 10836 18136 2797 5309 52225 1384 41246 880 12128 51996 54279 1003 5096 13150 56278 918 3208 38358 31501 55951 52663 25057 26747 11198 49627 31255 46471 16802 15967 59394 35153 8287 13832 44367 24777 63524 26582 40278 48982 26669 49134 5908 24646 16101 52663 47322 4736 60642 36719 63902 8719 7864 19399 23095 34082 35919 42153 47750 64539 41877 8275 8411 13737 31580 42990 46416 26300 21475 36887 48544 28798 23114 60756 6679 3644 45889 6683 24931 57817 5340 20921 
21445 40501 27384 21954 17285 29320 56168 45729 18763 45867 61293 53417 7435 11663 15434 64532 14269 14263 51349 52045 21434 43498 40370 9377 7529 58251 42258 23974 26295 62469 2685 13073 35426 58607 63554 24337 60946 31518 25991 29379 30603 36806 2690 57019 30881 5180 49881 50520 45590 41010 23172 63061 2112 54363 4403 61624 40300 42333 28139 6441 22233 27051 29874 26350 55627 53538 1636 31845 14571 31852 38879 53982 60834 56635 64595 16922 9161 27871 56008 48964 56045 59362 22494 61430 46345 56040 55686 33332 9729 8886 
21971 30081 4245 4632 46637 40817 25027 29293 60316 19050 52934 60813 54041 28533 53041 7024 63228 40609 29522 62192 33302 47770 6581 40314 36715 42486 3383 1661 838 55660 2079 63356 34253 1709 18135 8863 35839 44230 2625 43782 12837 63453 58496 8109 29773 47678 60917 31624 18392 27874 31699 22429 27835 44422 20132 4264 43401 49190 1759 30160 55533 63385 57800 15013 62807 47185 14089 30972 5202 6848 32527 58304 13293 46753 33722 46586 23679 9097 8373 26601 1463 34614 12328 57477 9908 42866 9902 52827 12057 38248 
45422 3962 63734 19510 37170 12215 54361 54186 46879 18684 44916 33687 31649 12478 55023 23949 4489 38476 40970 9258 38561 51238 2766 28539 20479 40896 43238 54678 30026 53057 52347 54423 39381 59523 19813 27421 24718 20224 53012 11593 30452 7815 61537 17506 64114 45540 16498 42225 61791 5159 39457 8907 45704 26123 12360 41135 24670 50966 45909 46698 7964 29877 61130 14805 42779 7919 52545 15340 45958 357 13644 35594 24908 58985 23961 49768 1313 56387 20676 54294 25622 14619 13503 45345 5887 52244 21659 57845 43328 51848 
25905 33679 50190 24126 30187 3249 9561 2905 47828 16991 28416 7710 26002 31107 51313 5548 53501 38901 63757 43486 10376 18682 64604 43002 4301 35076 63693 17258 42806 27954 249 40266 7193 26370 11123 33823 51055 41436 8557 31485 13360 45577 43812 35677 45664 49667 31597 34128 38029 44204 64818 5115 64998 34926 65454 20878 1900 24796 63754 1260 58568 24261 9788 63419 53352 31433 54580 37436 17564 62061 7701 30761 18323 55315 50495 60425 41966 2621 12003 34036 42593 52454 36482 20143 31181 5992 34072 48484 26776 3402 
29302 55263 17441 57487 58390 29264 25920 1548 40536 50912 38359 45064 28123 59292 740 1098 60985 35775 48711 42334 53713 11476 22244 10964 34715 3426 53245 14434 10967 5195 5348 41749 62656 13687 39714 21860 62084 41989 46360 16038 49293 23077 2419 52835 45702 25093 64325 51848 13295 41740 56022 15365 31400 5827 44771 27763 41330 65531 22816 57135 45326 54034 17998 40024 40346 18767 14292 17867 25950 57916 45560 33713 5447 65103 21004 31247 7858 44909 60091 57150 35625 198 44513 30073 41760 10112 42596 43138 11998 10771 
33871 33796 61763 2049 32566 25685 4044 52572 43949 53484 39562 41957 41886 64666 62264 21351 51920 6792 2781 38930 2505 38003 24963 55107 42149 23549 41116 32798 19529 5814 41829 46856 16777 10825 62489 54905 48835 6008 52412 11638 38634 45200 35157 31680 44390 5407 64660 48897 40375 35459 43942 36787 52201 35503 38374 2566 16792 25687 60229 41099 29326 59768 33233 44352 37316 45400 39105 42963 59446 64848 60071 43757 49645 63276 61275 17887 19809 53517 55248 61114 46609 42750 57630 45949 33107 18289 47139 38969 418 10052 
10012 21223 40058 17327 41538 56799 53884 42790 54191 31982 2928 49405 46781 15780 59548 43357 53771 33846 8249 58064 64079 6862 17804 32869 7319 28222 49587 60315 34929 12496 36392 32966 54897 52921 52449 47397 29240 37883 38376 53504 4532 55943 28281 19415 61282 26616 22228 56765 60858 9200 24063 33228 45322 34812 10792 63858 38970 3907 39452 64925 55234 1800 20051 23516 37180 63145 23779 49011 36412 21727 41067 62528 8780 16216 24222 17895 41611 25846 12725 11500 16544 45614 39946 43888 47377 58027 20129 37410 55919 11606 
3696 28525 49196 41435 38199 46292 62045 29530 55459 47278 7961 60209 29254 57000 20173 34243 32571 3642 51604 12618 32476 13474 19744 65441 50886 46968 21417 21403 8188 4773 15938 52231 36248 64741 35414 46584 5197 31340 37527 34609 12893 16190 57682 19446 50460 28695 63235 49372 5728 56264 60401 43498 31836 25004 40548 26705 10118 22215 14952 2598 344 739 46684 31991 33153 28020 60032 28080 15284 30160 47161 43737 34225 59543 42078 49054 27899 40466 34369 61460 29641 30004 29926 50470 45633 35507 6423 19002 14126 24290 
9615 33091 57602 46562 14943 28422 895 3186 50976 10496 3214 58332 59713 50286 24809 64507 16848 6403 40085 35351 29915 34077 56664 61632 25383 7642 52596 38234 12237 55076 32024 5935 20575 57788 65303 50152 25840 60493 55956 59073 63181 44400 1618 31479 40083 50902 9532 55445 3639 25231 9764 33088 28541 52573 19098 34765 47290 1450 30728 62764 53949 11848 39431 28052 49454 46476 63131 29286 42074 45097 62435 12380 27956 27562 46760 63960 7384 33119 12029 24349 48919 55165 19317 7114 35240 57028 1002 10792 17703 22106 
63144 34100 30803 51807 62855 38780 15909 27216 47326 31082 21005 49169 26447 50965 32780 43077 28067 35381 13325 36167 32273 56882 37822 17873 52892 36642 5994 30369 14700 11055 23334 12333 238 44736 3830 24207 24779 18750 34115 16677 20043 29832 8058 58479 10464 4703 58131 19664 64750 6396 14231 39148 46156 36076 28986 36206 40537 9531 60704 5819 6474 39431 27559 57439 57959 29818 28903 45665 61329 24259 3424 8273 60968 27021 20279 61769 43363 25823 29223 32159 16025 28301 65409 54452 24636 20446 8104 6486 46523 59674 
812 28020 26036 49561 6033 11370 12626 1451 48101 8166 3542 35262 57331 15184 9720 39585 65229 54707 55913 15453 54916 18470 958 14506 10289 56261 51284 25478 2200 15862 49984 22452 57517 9871 50355 44306 52147 41743 17161 36629 13386 41282 53342 42214 41887 1927 47987 10477 36003 22328 45673 60559 63874 19854 27479 42950 18302 40000 19920 61651 9218 22607 22423 31638 53433 13713 55064 320 45502 3366 11122 48311 65012 35532 39453 15668 29691 40341 5823 45004 60410 27292 1918 37805 47786 54867 21951 22796 60418 40823 
24441 17471 29230 40710 64255 28775 13360 43532 18143 62700 56972 59302 24137 34814 9355 53355 1057 22392 63102 65341 17745 55415 19111 46384 49212 37648 30043 54035 47976 7664 33414 25592 773 64759 45551 60161 27609 28866 17915 18439 53263 42239 21965 6415 54051 61737 9563 56401 4243 8676 54652 47555 53341 63446 20599 7311 6900 26097 14752 33270 46592 25197 51266 957 6150 39767 12935 11992 32671 6461 26251 61597 63323 62016 54671 15807 59222 26347 57066 34925 36938 58482 30943 50613 14840 51350 5311 8706 4034 15637 
34937 28896 6912 8040 17012 61658 52122 38287 59543 15609 14903 49939 48834 23312 63832 46037 4858 61857 64642 10213 47326 4533 60941 51443 649 63796 2939 35767 41310 39106 32494 7304 29005 49123 7986 44230 137 23689 26047 50490 11112 42250 31415 289 6025 46795 59002 10336 57724 50583 53260 55487 12504 48939 23237 65249 17109 48401 54444 55713 22549 33453 25536 38487 37713 17899 52812 13299 21490 38333 30596 13541 14473 30693 45096 63851 57843 18124 10022 35567 14611 7637 61316 1668 17638 61998 12511 30404 6409 30366 
16432 53614 60450 26582 62815 52672 50080 13777 15709 63132 55447 16047 4062 29407 42013 61977 22919 1649 56258 22770 24846 65427 4680 55251 29115 53738 46906 21449 50700 61439 45094 20088 42400 20311 49969 21124 52988 18670 34684 12523 61233 17290 4974 28035 24060 17316 16283 6096 59142 26269 3953 52855 2873 49074 14374 35821 62322 52674 26314 57435 39112 53994 46620 48542 20962 18265 56669 16320 11573 31563 61456 36019 54959 60003 38331 577 61118 1766 49125 16892 59584 29466 40742 44723 45646 12727 12599 34273 6369 17760 
15107 56608 7372 52891 43147 61049 39405 22376 5231 1390 12313 26907 62865 26935 24386 48398 63033 50183 32309 61367 41786 47115 16325 30266 5518 6897 45774 42744 29449 46801 48838 27793 3598 51205 49978 45827 38381 41883 31361 10726 38270 54711 51428 61612 36062 3641 7005 164 43874 46511 32869 54545 54209 60421 37506 56914 23235 28748 12472 24469 2166 2363 59544 19775 53896 662 27554 26944 20564 36262 27442 2774 8194 59805 56347 3665 46848 2148 8555 13202 22675 18145 3536 920 1383 16634 64824 13967 50930 28149 
26974 34718 37843 49142 58791 43314 10672 623 41013 38308 38726 5686 8814 45497 27889 35950 39925 63149 42000 58632 43563 51185 32334 2908 53351 50207 30623 64556 10010 33646 52628 27226 9194 39250 6058 20913 3221 38321 58370 43366 16909 7191 18395 21434 50729 769 59141 64839 52835 53993 5364 42979 15932 44140 56993 54952 50007 55899 2819 31272 1341 25834 60036 63282 63691 40693 61110 12104 33900 20273 12678 33723 6297 16 35883 62665 63329 32172 48101 39629 16122 49775 32922 23204 52587 26643 53167 62415 18917 3044 
28183 26489 23138 18269 23044 51960 7148 50863 32543 41356 52009 19324 62830 33568 13098 5475 36786 1721 25090 92 12353 21765 22715 59572 15624 9317 37856 41737 44844 51361 46381 33687 23265 12020 55398 30954 64164 21717 59812 11066 51145 11997 49024 58615 63503 20738 35741 61980 24297 41826 20577 16375 59964 40550 53845 64140 6464 62920 64335 18285 34904 41115 27913 64116 46024 834 47651 20272 55302 30784 46902 17531 39990 43319 5379 35556 35091 45393 48695 49679 18844 30249 2187 43039 45807 35566 37677 15004 2476 50921 
54391 48140 32077 21415 6435 44420 56072 26238 59655 50213 12030 1564 7804 61838 9356 18137 2630 22159 28738 49944 49133 60452 37961 32392 24897 6471 37313 21098 24604 55399 64624 32173 8741 36426 32370 7117 49662 55636 23188 54168 39563 19476 3138 56458 57975 61704 54321 58782 17137 35006 50506 65475 44156 56719 12532 49894 40454 63436 44409 5800 35144 28376 30309 21456 51294 31417 33049 5360 21396 13478 41895 20488 1672 60406 7210 17394 2638 748 1856 14857 13130 23878 12095 57848 25781 1884 3628 18954 40760 51381 
90 90
39213 37153 24501 6147 62302 11708 39085 32932 5141 6056 25975 20917 37167 51240 45781 15355 62843 43791 4998 7434 30993 33483 8213 21626 23282 62096 63662 53494 45583 19341 33796 45288 21669 52912 7945 28433 13953 43480 62796 35521 27253 4265 49560 60673 31422 55436 49174 30787 58731 31976 12974 40078 56789 49093 17593 9057 51161 4690 5545 64792 14305 36651 24345 3251 20065 18681 30100 59966 11246 9868 62603 8150 32247 17877 12667 9224 6290 24915 47777 48177 63394 35346 60082 49313 7765 34632 12570 53060 55622 17073 
22534 29725 6637 59461 17272 56722 43424 43089 56309 43764 20511 3370 55643 12362 61831 48483 55734 47655 1777 51250 18146 34180 3433 34005 38600 58281 25094 26657 52546 60930 2919 2135 56550 55489 25834 11841 18104 40015 57754 15743 20718 24394 4604 61013 24534 40455 34749 20571 26845 18554 51728 31124 10880 25833 14088 33917 50065 15082 43826 46283 1430 30279 63793 61942 61375 12247 45356 51863 48975 59336 53736 32333 20493 27398 57974 1608 29348 30048 17202 52708 41415 60608 42791 11937 59095 23757 33454 20025 37969 52731 
55569 24275 20691 46986 15242 50934 33578 12357 27405 37063 30031 2723 51374 51897 4636 54214 27896 14050 1741 20944 29659 8105 52348 8535 44757 35181 40883 7202 60653 50529 32656 59958 52162 43603 3972 5351 5353 31334 33918 6382 19932 22392 13932 22002 23158 8802 46203 50831 11696 21197 27910 49300 40004 25429 54968 21526 7839 4644 7976 30820 33642 21414 42846 47139 35608 4675 29348 31247 3538 12202 22952 2334 12110 52563 33625 51222 57470 16041 13809 23787 444 47401 16902 33608 4252 13410 14003 57997 22723 46200 
62872 58080 38986 24052 6229 36678 10766 36465 31655 48108 50348 63112 11726 24928 35062 25263 37479 21669 26393 63726 28025 39296 53411 923 14763 55437 45013 63926 43051 25653 28911 44976 3188 11785 46831 62203 44843 48111 46189 52248 32529 60527 29627 3209 16699 19720 14243 46466 270 47012 2690 56421 14107 14715 22494 55712 43576 1493 44084 14811 33565 40859 33692 65240 14504 15527 24861 64727 45408 33729 15333 57389 9073 1041 63584 48405 50384 13887 45517 52502 60308 11679 8905 58602 24776 56679 50700 33483 41878 47395 
50377 6004 53993 53765 33483 28460 43224 47889 51010 40906 2214 50360 15045 47152 52831 31313 59275 7361 57209 16171 36321 53412 19234 602 11184 14959 8021 776 18090 14453 11403 43058 17549 52875 46010 34379 48141 30805 58020 6548 7380 17066 21290 38468 235 44766 33152 16781 7171 59924 7631 4441 51022 57613 1117 47174 20133 23899 16546 15268 49752 28420 16786 2534 49322 11603 25689 47191 51290 54681 37893 60905 35023 33914 16099 2815 43680 17684 10901 18887 17141 51641 46534 54006 7028 19160 13935 37412 33797 34993 
54972 50211 3508 28046 22579 9096 11888 17015 28498 25175 48638 14913 58864 45996 58116 11485 53262 15133 64057 5643 24577 60820 9941 29353 17786 8431 33328 63461 10133 53782 59375 50266 61428 38335 43042 15513 58718 38550 23098 41563 56895 41772 7802 51344 18083 20649 39321 59024 5242 29627 10266 50369 55939 6572 25750 54385 32594 41797 4782 58332 1659 34789 18825 10658 60101 6817 19891 8280 15033 23795 62988 57892 43265 4906 61758 5377 11149 38862 2908 54042 24270 2305 52509 54455 25438 42789 25358 52936 3763 51135 
55546 63403 31143 31133 20714 31524 14963 23610 44416 3943 25244 27209 16343 53690 6916 20092 30265 63621 54689 29923 48859 54852 29742 223 25455 12940 50900 35766 54759 21813 63209 58602 59866 23811 20370 58887 49646 1980 61129 22474 6370 6212 10028 58977 362 60927 57161 25973 45144 34974 37983 3672 10992 35946 7856 27634 28299 5961 10288 37579 14657 8685 21427 57773 18907 1015 55537 13447 10340 7579 42278 32422 3523 43369 37786 24461 48383 58726 2269 5311 12639 12530 11013 3635 9835 39549 46428 57154 44819 63763 
50401 3977 55835 37523 48130 13744 49160 63411 52251 15991 12724 48663 61977 43568 9734 58330 64483 27847 59474 47350 42669 37302 21832 20932 36687 5098 26928 43028 28508 64630 62855 32841 54195 51049 60523 24665 28422 63951 31609 58803 56270 52173 52127 41032 50726 53341 32014 44312 15799 3270 62690 48443 24368 10295 669 58738 1928 9067 9505 3619 24690 42740 12071 11842 51343 38656 43048 8537 2886 57858 22395 60496 30900 12843 54126 35100 7886 4449 33821 47827 31403 2589 42512 10796 29960 48954 54179 11143 47941 59948 
40448 49812 41816 2756 5016 29730 5995 45336 43447 28370 59251 60226 55703 1901 29819 9104 25825 53066 47642 12207 40869 23543 8722 29836 59475 60040 4459 35548 60564 32734 33762 29579 35220 61693 7395 4449 50302 29593 31335 45657 52100 12929 29356 51185 20391 49231 60223 48205 30383 47233 52727 20507 14139 30982 43994 5214 51265 21582 1085 39469 25616 10095 36439 50210 37127 39065 18054 61811 44136 12133 38361 53154 35490 39175 16432 58053 36272 62351 60912 8462 13397 56821 41563 63645 14818 42758 27589 11733 39577 34120 
64016 32522 29249 41928 10827 57129 32381 55675 35975 28572 64027 38437 36171 23625 35543 685 18846 3241 62545 7184 30024 32060 47192 5278 10448 2889 39644 35021 25962 20491 50855 29993 54384 52260 12868 59229 58222 39761 47953 57509 13353 1805 36190 63277 29936 58121 39410 19420 55813 14116 53 46037 33563 32617 65302 8845 19453 582 47477 52259 16556 27133 1888 18689 52698 60847 40614 45490 61611 24621 37162 8962 44118 46723 7867 37937 12755 14854 46089 6809 812 20467 43468 50068 12993 35386 42621 41234 53892 47262 
55868 20647 19199 17731 3509 33003 26660 45749 53892 44136 39435 51504 58334 37723 49624 42914 39114 43043 33527 58065 19778 41359 13467 51031 51853 3172 43618 42273 16342 17571 33911 40386 58510 266 13132 63539 18327 13813 60934 33617 28940 7468 25929 43438 64203 42702 55958 40067 35447 9899 33128 15954 47264 17714 29076 24377 22585 65038 16052 25250 38414 47297 19970 12234 62161 38460 30035 15672 18647 54425 19182 40204 45112 24745 17111 10347 52413 18827 13936 62264 53194 40314 24067 29456 23837 24902 31611 19250 39276 6816 
28456 46378 9272 22180 30730 33770 54096 36081 64536 55342 18346 321 14278 61145 63567 44407 19590 41820 24918 52071 17372 8500 28855 18561 44582 50692 23076 47349 5049 25373 45385 29568 29493 28301 4317 44523 35143 27622 32068 26317 54551 8506 62487 49445 33279 5080 13527 12567 40501 31896 55705 971 63907 23774 9241 41554 61565 10347 40381 60516 3540 21252 34709 60088 9151 54492 37333 24633 18521 608 32963 26019 26688 21972 30624 9657 17013 51231 64728 61396 6697 7664 40279 14198 15170 21028 56970 11590 17878 19655 
50515 17130 60221 53714 48610 2220 34390 33801 42183 2398 62806 39950 4938 6826 19567 5783 55793 6538 25739 44355 44290 64120 56461 22277 14849 24925 48102 824 50880 10321 34132 9457 39017 9332 10711 8034 34727 2609 39004 58760 49562 437 17489 19633 8911 7744 46058 1897 33196 18761 64916 33372 33414 59760 60867 60736 5598 11487 62434 25920 61075 48853 50865 61137 61979 62432 41158 29932 713 15919 11605 40939 6757 40291 18010 9466 34340 55147 43534 38195 65111 35801 65360 49769 24354 62119 11273 53163 24412 21686 
28595 55972 23936 17069 30795 41911 24821 5567 12374 25183 55490 7152 59288 19257 22698 60587 6560 48693 31070 32430 55491 26700 20983 39422 22068 4550 20836 13249 6481 32753 7915 14937 13291 44972 63857 40690 20672 3053 34122 9477 41544 2677 25729 11433 48433 61390 6454 5288 8886 64106 62126 61020 41115 58918 41012 355 16886 13865 18959 9290 3948 58205 15936 30147 48217 32030 2441 62070 26051 53257 58312 18548 56645 52278 57711 11925 1177 6525 2551 41936 65389 30039 35945 45851 16491 63524 21649 18930 48949 22827 
1705 37247 39346 19996 14908 27129 4827 17056 18207 37234 30943 43965 51759 65352 3033 10761 57396 7621 26245 7568 24013 55915 26330 4078 4806 13699 10998 22806 55025 32394 45266 62796 25627 2796 32498 27490 45062 19817 25304 50394 65207 323 56222 7891 45752 38233 17904 62608 40375 29868 10233 63850 9691 61152 42026 65105 44567 52366 23022 15429 35006 28721 23621 30906 25663 5798 52596 25656 22243 31746 1746 40430 31207 16031 21982 57469 19588 44363 46448 41669 4971 42472 51580 54318 23864 7021 51843 6387 9177 6209 
53880 22612 18796 51141 11173 6284 9206 8176 51348 3539 17487 35286 58012 21310 64093 32813 25661 60369 56865 44166 7712 18648 33671 12170 23783 29160 26269 45066 40585 20399 28359 26043 43102 32941 1314 36934 62023 25945 16871 49642 53824 16389 12178 33304 62295 26369 41380 13602 7752 53377 58116 18092 14822 19225 16617 6812 16599 19464 19121 16004 40935 40999 29249 35725 35609 46067 48343 17256 42661 29323 39814 64185 59336 19654 5345 28802 12495 63060 58866 13209 56816 57129 57899 37253 45332 28768 37175 10487 45530 43897 
263 31619 11428 54502 62393 33698 61451 27761 34142 23303 518 33548 13952 3132 8640 44821 54192 21661 40048 4843 12802 25043 63833 62531 52282 46377 6834 24957 58424 14733 9583 10431 4924 63860 42719 16342 41708 64238 28653 6909 15997 2663 2140 43618 55709 62093 52371 63532 39081 36731 65023 6250 28922 15665 651 7438 10326 39479 37721 7495 10378 27651 11042 54508 21967 852 13241 62650 12056 34203 35354 29355 51743 58147 20860 51823 4159 28451 39586 65325 43127 17472 7744 32995 27366 32507 43304 42865 65161 53439 
35582 51724 53666 54943 32063 23734 55374 486 55793 17383 35144 14808 46217 42423 27613 791 4517 37401 1619 20364 16005 43336 19769 3426 11767 27650 5163 59823 34595 31686 1501 59868 19457 64202 58542 54758 63128 14855 10844 27389 39090 3987 31962 30098 34985 63230 28727 42505 23759 3725 60201 25778 25506 9619 58915 58962 26512 11187 61225 59495 37535 1625 49215 48910 19765 24205 45583 6687 25080 41903 53315 50929 32744 7229 37866 59107 58378 10591 39326 49497 46601 7985 58149 32201 30980 36153 43899 33051 18126 39540 
41469 322 28308 10834 4880 61190 2961 12594 18312 13267 53364 2516 5430 42834 10311 14014 49950 20557 25250 14820 26186 16076 14114 24721 7929 16183 21873 27485 54266 50860 21622 50822 13675 18758 37234 3520 44053 27031 48266 25058 24205 51953 59940 7845 18687 47711 58044 46346 38841 45109 33147 8424 2689 4296 21672 41614 5059 26419 41935 48133 27435 35395 63307 26127 15774 47152 54329 60586 25497 42437 28701 27511 46547 33224 22659 18032 46131 4502 4097 14978 36329 3257 52172 16604 63190 59302 12020 60117 9672 15978 
43627 16890 21903 2588 52021 45872 14162 47936 47436 12931 58045 5911 27975 63097 28297 4442 47551 30611 42724 29918 50767 52023 59383 191 33427 20839 19819 30466 27242 19905 41567 61928 45680 27500 60204 52078 2137 44828 7453 37269 58141 1281 19322 60219 59775 36567 38936 59389 59964 41950 13236 34531 1522 11359 58842 49857 41200 63871 17350 41550 7607 47395 45541 88 62602 29065 4995 25676 11883 15493 20127 56636 50953 56313 47990 14356 44909 36605 37464 64884 13196 44832 26474 24708 42008 43547 40016 57927 24083 28200 
15496 62135 38772 19784 4362 45230 47545 35749 29499 46841 35123 2572 59499 35037 43668 24585 40258 54034 54389 24194 27414 10773 28415 17907 41443 63886 24064 20635 61422 36075 53374 33183 16308 41591 29964 63912 4138 1267 55671 24932 18387 42610 24205 60479 53381 59645 26142 3781 48975 47612 45622 5246 55138 16778 25688 11317 64993 20990 51636 43753 46952 15165 65155 50010 64319 61998 12539 28630 8222 47416 21583 12449 47124 44702 49373 7169 60782 38349 41281 43460 54909 18934 41630 4055 27437 18226 44668 4525 64115 59480 
6611 13206 23448 62259 8842 39258 14569 129 40221 40516 55655 51143 23882 61043 39361 4877 56100 47830 4103 13207 19200 11162 45122 24432 15475 21929 58155 40381 63206 38962 25339 17467 61923 29916 44314 13437 30053 31747 35890 29446 55592 56959 58912 64712 2156 28077 16442 43398 45306 13320 50902 22063 51356 25058 44455 7539 40344 17187 30766 24767 54502 60417 32853 18237 46059 36709 58315 46845 47047 310 60872 60478 6812 3864 28492 4965 15940 22866 38127 61417 7126 50075 25827 44041 37752 33305 52202 3232 40376 31057 
35728 20791 35870 34925 19225 27111 63397 26257 43035 31027 49114 48339 27043 29259 58667 5215 30803 14991 4128 9598 15188 49705 48360 36738 15188 41110 1025 34547 9948 29951 58587 31939 61173 24992 31311 23118 5764 59549 17713 14447 32980 31669 13934 62073 64487 26961 61654 15856 40295 57056 9903 52570 21926 4255 11798 7006 8723 13247 39355 46539 36272 30308 1329 24146 21477 47694 30305 47047 15775 26336 4468 6815 6481 35848 29846 18607 24816 32973 29544 2233 7249 16866 19120 24251 49680 62469 18393 1804 23811 5174 
54504 54240 7161 39929 13260 22191 26554 58064 37436 15033 1830 10193 15715 45097 49651 27647 8517 52404 38028 52384 3424 6262 48097 10116 15570 41578 37116 37624 63769 26821 1921 20968 5284 26117 34633 29065 22005 2499 34117 24564 37765 1552 52377 62176 56361 32959 12393 3186 61763 60990 42269 3382 59846 3304 18497 12579 28474 71 53307 391 20172 36879 21742 50243 3833 48830 4680 44840 58095 27418 10477 1783 54128 54267 64102 20495 22473 51304 31904 62184 16173 16303 32156 19844 43752 35771 21723 27644 39409 52214 
5498 56713 64549 6650 12958 1119 48778 49985 13030 40113 51556 45475 47903 18059 23959 59751 11912 57429 27874 41842 1843 4428 60384 483 58707 64660 50944 52472 52182 55087 9733 40064 34695 32570 30501 37866 51838 17429 31171 54564 58508 3535 32751 11692 61002 30004 50546 26845 36489 16739 2757 33799 31363 35746 3605 21341 12927 40495 15347 65076 53431 16014 34076 58147 36739 6485 63955 28556 25977 26781 23540 26161 7463 16610 53307 33624 45695 14109 26962 19265 16071 37662 499 44273 64984 56059 53640 59456 17804 18378 
26680 46779 36105 21075 2072 61232 555 32634 34040 27530 16889 56477 34738 561 60927 58119 5405 28911 34714 39041 24790 54930 2560 26399 33399 4553 6448 55281 45891 28193 9245 63354 60138 56161 11179 567 64405 61315 11989 38030 10572 30140 38078 58207 10192 59716 41641 34088 18727 24 54381 340 56088 54679 18297 47929 4222 45890 32418 60734 59426 62048 46913 6238 55314 30011 6853 31873 26470 65482 48191 8102 60408 29177 27018 4365 13755 56439 31478 60773 3404 65416 55600 7663 52770 61303 55485 22302 57861 12112 
10320 40251 17355 19207 28296 4554 39694 41957 36187 46293 57230 58847 45929 32000 1558 57598 60591 35953 63468 61244 4069 57928 4696 7986 18434 64305 30804 57307 7695 49452 2349 21131 8293 9814 46708 32454 5784 29005 59196 51364 25735 22223 42214 2200 37767 59162 27632 37520 6305 42150 52857 38256 33915 3586 38717 39670 39547 55455 10353 599 43772 22700 8983 41793 42018 2767 27476 22445 42748 23431 15445 14845 59459 5682 62420 52396 508 46525 4244 24780 41190 10066 3034 64522 58542 61712 19983 63444 15786 18183 
9872 53327 14604 19872 57098 65111 6664 35884 42153 55481 57288 43611 62680 25641 45110 25601 48868 65363 47708 16784 64351 6487 26002 15178 11706 37779 56781 15193 57374 1320 19123 26395 40313 391 45921 61755 33535 50216 45078 62157 4981 60242 50255 50152 50734 13506 12857 6776 587 10119 24342 25709 9046 51879 10247 45373 17365 11455 49979 44178 47544 39498 32050 48036 53441 13610 64495 4589 49708 62129 39433 9648 16510 58883 17175 36130 29674 59586 56366 28827 34706 56518 16221 41670 52041 60349 14694 17201 25564 32157 
48073 41924 12843 8401 12524 47944 14129 15360 34499 30744 29759 46942 30018 10122 9155 32786 45031 3905 45148 61548 49534 39368 17347 28478 46223 7314 19243 54900 52864 39307 41765 53713 15732 13599 4388 53018 53567 52049 16042 57225 8677 7176 53261 11645 61562 37073 57511 59052 17332 3052 16726 10106 17384 10137 11611 30157 830 48209 33874 29145 45272 2156 25933 44954 2788 64986 38541 24273 6176 23817 36236 38077 25771 25622 15069 24010 55450 32052 21839 59112 59478 44143 2583 22873 37290 26547 35128 45057 19839 55009 
59911 29714 39650 136 7701 20581 52275 34127 2068 63618 38155 47349 23718 3111 32014 12929 6068 10679 38874 41672 4529 48219 61442 46127 8274 37333 3302 54177 46016 5041 49873 38885 60614 36124 60380 14992 8978 56178 14485 2858 15442 3653 59337 45765 49582 52313 3241 24326 9690 32272 7175 3908 44939 21037 31319 16648 64087 65506 12595 32170 31005 30561 44609 32567 49802 58835 46568 7594 57294 19860 52526 4303 56809 43430 50008 509 29012 49724 20422 62385 16059 61665 52892 23062 32354 2191 13894 4886 10767 9035 
58381 10717 40616 29942 11661 191 16940 24811 44 48946 25260 51743 57632 44322 39410 63639 62902 54112 3726 33485 45311 43107 29996 1012 50255 62439 35560 49134 39740 30521 15741 45870 37445 51090 52966 56558 52715 29456 36511 47216 14891 31210 27230 12572 42728 15049 6182 6041 29831 19262 10635 50002 44413 14991 44391 36618 40791 44197 17100 3919 34327 52762 14353 18600 50399 61445 48146 58850 59833 42411 4976 32434 15786 48252 2330 27179 5605 11631 7673 64142 2558 53571 40426 12192 55190 7876 2561 40398 51406 51235 
9751 24858 27284 35314 1184 27493 28435 54447 62414 38048 55706 46700 20699 11080 44677 60306 9657 4248 56117 6362 7946 61044 49385 39706 51058 32796 58143 33960 35523 19876 41819 3557 34274 22882 47368 16620 63101 26160 62083 27677 12549 23298 8898 18463 36763 59086 52985 64523 4912 46578 51115 42059 9791 30094 3013 53944 52709 20720 3429 40493 11987 53238 31150 21160 8560 22807 65401 42819 2013 15996 65148 20590 16111 48394 14957 59732 57395 26381 34124 59072 49743 36823 15674 59266 21483 22715 14130 7882 19079 49781 
14091 60981 25876 28960 3831 37149 38840 37647 22543 6667 41103 65122 7151 19939 63744 60266 48162 18250 12001 2967 4171 3871 48552 31990 7360 49586 2503 38161 56641 35884 62286 1613 20790 53415 1538 48624 30962 48721 28478 19538 53833 18765 52760 455 49492 33179 1418 25618 54656 55001 4343 61904 25049 49284 60265 23829 6874 39362 33985 37964 10621 64183 40399 34248 37763 20179 61803 11876 61637 9307 64446 39392 10194 65419 53036 62121 43454 10160 19499 47837 2586 33833 19028 20169 41334 5959 62612 46029 58569 51451 
18223 44190 43269 14459 33224 54495 64777 34664 2966 33398 18774 19010 19172 23121 45416 58275 57073 59781 25744 32039 5464 29243 43790 22974 53204 25522 30193 22293 44035 61571 54451 22019 25703 15258 24968 44880 2759 35138 6958 27771 48949 1069 32289 62972 3241 34704 47781 38144 7451 59396 35164 62851 47328 18937 25030 48914 34465 22049 7810 12007 12956 3207 37898 3150 29217 12232 35751 36769 42001 6295 36879 9938 39656 7027 51473 58517 209 59631 37539 17920 59791 66 39699 47551 27006 17659 43519 4157 59585 65106 
30218 44415 54276 2998 35755 27500 51070 60018 64402 41398 30343 24221 21119 25965 39563 60690 18087 34673 12544 33106 58590 12775 22638 3823 49290 47377 38743 22423 34441 9495 8388 12715 44220 33302 19524 39528 61479 56704 59560 40086 40212 57411 27989 7747 62687 5364 21892 32014 65467 57341 652 32035 18101 15177 18194 55440 11654 6290 61614 36539 31280 64304 59982 53749 30562 13833 11351 27810 3535 41578 32715 14600 13261 18478 34928 2568 31384 53844 32118 20207 22075 28359 14373 62879 33621 39638 4867 45171 9593 27468 
53130 45193 31373 44808 10023 60636 33520 65525 14093 267 36254 48515 28608 59251 26263 17186 51220 32835 30344 15014 11587 6930 33574 27465 4252 29845 2102 16093 40975 3375 30991 15560 17404 33734 60503 22580 58862 51662 36429 9031 41324 15653 51702 8600 41554 28844 32536 23685 27265 32152 40631 28787 18706 60858 28504 30282 43231 47718 12145 56538 2757 60708 64252 19697 10741 48213 41046 19795 26377 49353 19471 59174 60034 26563 32139 60342 37413 4654 8836 62110 10666 5415 56252 45929 40327 6439 43845 56965 41435 44986 
35559 42935 29771 43565 6406 58185 19390 3248 23274 27200 13388 57865 33717 30041 1751 17655 49284 44746 42644 52127 62914 586 42841 26875 53013 64181 22179 58099 40269 65513 32097 13795 12686 29365 15781 38845 60732 29928 43267 38617 45343 31609 28237 57883 46778 44990 9956 29184 51791 12437 8969 15195 25179 42203 36392 33654 52547 18186 23900 18218 2857 18481 56458 35455 40679 44749 33640 53815 39532 61729 45767 26588 29574 48026 55307 58617 63916 5441 59229 32015 23253 18485 5637 50176 37247 55558 10680 50256 61384 28194 
33454 43783 32838 21137 24584 60904 64381 39195 20618 49651 4669 9807 56283 55605 27273 37750 39538 27025 65221 33372 35779 6572 42594 39106 4067 55541 62895 24087 59875 40238 32419 16803 28450 13262 26455 52405 9839 31322 39209 50109 28113 52013 39926 13579 24720 55877 733 63561 50973 57319 57922 8590 37630 54659 44804 54579 13811 32854 51621 22467 34714 2409 19953 64631 11722 17282 35066 6334 248 18463 34691 52434 48564 36704 649 45455 6445 5274 48299 31789 60783 64130 9408 37474 386 54709 63445 18044 61359 15586 
48384 31835 43371 15692 41479 20620 31016 1504 24142 50081 29381 59606 15325 8227 1327 7620 19319 39005 11028 23289 36642 23698 63123 42547 64181 46258 810 55316 52443 27283 21821 37946 8822 38295 576 6822 39957 39340 55722 59273 43443 16858 14789 60388 4646 55467 57038 2072 39292 20175 36415 11550 57517 48380 1706 36535 16577 23867 60033 33063 40855 25611 50871 32682 2514 64495 14318 49765 61399 54002 9190 42719 12860 57134 19769 6500 47655 27446 59794 57617 47449 35701 1549 2530 52539 60518 15998 21962 38751 36215 
38222 53609 9291 53332 10111 322 36454 53791 55954 35416 47318 39152 2564 26639 9138 34301 40034 2166 37894 52876 35375 40030 23686 44297 19071 57063 44576 64169 26257 22921 22591 17220 14060 46415 9348 34424 21418 51017 37203 59209 43955 57127 15879 4601 15497 11996 19208 35178 48602 19687 49813 37137 63029 50799 52396 25435 29673 53812 7251 22153 20399 60837 63365 7339 46537 38845 15601 36509 33065 47791 709 50742 24716 10400 31895 54717 1167 26365 14962 45428 60731 26777 29184 23891 19522 16640 13836 50615 40864 4984 
28032 59517 44184 28196 54050 55109 26825 60042 14100 52724 24543 53854 5674 11395 34412 53761 10545 26108 2552 48339 62392 40312 54262 14156 53215 36449 5172 50601 63701 57384 12840 29486 27815 12579 44363 21433 33295 64902 31027 24848 14866 30928 20529 30884 12454 51271 2805 48680 5281 60987 56643 25328 13094 46424 38216 62828 1498 7584 44214 40721 61200 16426 41679 29089 60831 31068 41425 10804 15555 33104 62966 41318 58617 20956 21835 28427 22598 15969 44424 45701 4063 26121 2095 34471 28619 5886 32436 24977 30572 62812 
42075 4371 5021 63415 65400 23629 54814 49416 21140 9024 20391 10272 62115 12809 15647 14023 35789 56860 38735 24720 32783 42527 32563 13435 44758 37927 37370 52442 17914 61101 9801 25748 27982 20865 6275 39781 28398 61120 43179 49130 31479 22016 4185 37263 8637 55661 42416 64030 32945 6044 64945 12742 62598 23233 17347 62644 28349 52140 28046 54634 56695 55122 60632 38437 7440 1725 24772 34656 22794 62076 64717 23432 12772 60065 33903 11966 28386 58637 55169 51523 10484 3922 2179 57091 30932 65115 47280 57644 33047 35335 
35800 26476 48853 22132 51116 35559 61367 31321 12524 22985 10971 8034 45576 52768 52316 14502 4332 21231 60556 26136 51483 42200 35641 45326 30861 26085 25339 34548 34263 18467 44347 43624 8411 36329 42684 49567 58624 10410 34217 11358 58511 41376 6028 23694 32169 61334 9594 59660 38743 21437 27382 44522 31701 49200 45133 65461 32466 56424 51690 13249 56744 29303 48471 18808 53880 37569 45715 36197 5952 12262 14883 23659 53489 20308 29129 57966 42606 21140 45161 47219 14658 49232 35807 6717 39754 27310 31168 36452 65516 58765 
24782 49447 7393 27393 44999 20525 28328 54495 24115 40360 14657 52971 53103 64946 15112 16656 43835 41747 5618 38247 12681 44740 62994 39609 29376 19906 16567 24322 31229 57217 16372 20700 8905 45900 515 65142 11848 54206 12509 30879 42713 20383 58127 63415 2903 4626 63434 13947 22237 21328 12922 35949 65280 34076 52899 54139 50205 23820 53693 1081 11260 10335 31034 15962 18593 10489 58224 56286 5522 4686 24246 22961 2276 51712 2945 47029 58501 23363 16111 11736 11080 685 3127 61737 16262 1534 59713 49424 5741 52423 
22858 22891 25745 39823 20044 11026 8248 34894 3146 20025 31983 59918 46055 22613 13871 60482 43417 52552 64092 45483 12863 49725 2684 32488 50179 25240 8537 42786 63428 40853 9364 48492 53637 56407 62349 5258 27328 30788 8531 35844 50254 9800 15170 47848 52449 24826 58966 49058 43291 33725 10749 49781 28430 2554 12774 30135 33946 56283 26985 62179 61762 10176 29251 36723 33629 47111 43895 16919 46390 43751 57872 56656 48286 9863 20463 23635 27975 6345 27510 64234 47981 39981 11630 33131 10839 51648 19697 29458 24635 12184 
45828 61788 4094 65495 45667 27208 44466 54453 58555 48580 33395 7033 11924 55540 10278 16123 38007 64374 14973 8171 62990 23217 37033 32481 34183 33910 50218 55134 11900 33167 47327 12748 61665 61901 10384 6207 39915 49760 41559 41465 32231 12248 50784 13521 46985 19326 30442 48576 43661 37674 49477 61885 7770 35269 62814 59535 21039 46424 8094 3435 41097 18320 54835 32574 46301 21471 48595 54099 63929 40159 35031 25181 40406 62357 478 38043 23017 47578 57724 45278 19330 3196 19033 58754 15592 13097 2000 41158 44348 25370 
38236 20866 54241 8034 17526 19384 54525 39245 14340 25448 305 15019 11289 44711 28621 34928 2422 62574 58704 37558 58385 47550 13986 55397 53722 58258 53856 56332 63919 55246 40052 28325 14898 33603 30437 18760 62567 5125 22033 39344 10297 64247 39808 63762 25015 65196 12575 42006 53350 35539 15698 41537 55073 23747 41650 21790 29621 50564 10008 42086 36726 34555 4196 11239 21099 10261 35542 49527 32926 36650 5293 60987 13405 38808 29269 58437 57105 49761 38482 53312 42244 30842 49836 37330 22571 26266 1349 62779 2196 38169 
51410 31925 58527 38744 11615 25518 24558 574 5658 26085 46349 56094 8533 62454 23852 42195 621 52705 24734 25085 52434 24673 41428 20315 63152 9779 33215 26128 53674 52478 58133 21717 37721 52367 34801 33269 62520 33156 17654 19962 34335 59236 30079 43763 42875 30209 59842 28691 60813 28946 27440 51778 54623 62837 7333 22012 47005 43682 35540 29767 52614 48352 46366 13411 27030 6186 39038 13359 11826 34866 27923 60827 7054 20942 60883 55474 45149 29346 49798 2087 19580 227 702 21207 24246 31688 47416 61562 418 31529 
2141 43727 59758 7734 50296 55313 18095 62958 3590 31327 9166 14469 24459 45517 27464 20643 32978 11360 6372 5685 28916 61008 51002 273 11523 16892 29080 11736 41858 12881 3228 33392 32358 63407 63847 29863 64555 8703 18230 39078 40577 50444 21797 57660 53898 1905 38529 27796 14515 44083 29225 40054 33746 12730 57733 16195 42244 36895 63283 62160 34025 43235 33827 12371 31164 61169 64864 23097 18908 19516 22101 43880 36814 62850 44259 20671 58003 19768 3866 9101 23057 29883 40421 55460 23273 4899 45151 44183 64018 50991 
35435 55491 4496 54197 41862 43393 2497 21768 60722 36712 21133 63833 24854 17178 18441 543 8759 16242 221 21619 2667 41466 7217 48083 9391 20862 60871 31274 61639 43527 51086 2884 34568 7565 24031 11336 28661 31862 50500 38282 33670 24881 12768 49195 39071 23416 5720 18931 45427 9541 55681 30620 8143 54684 11357 53000 21039 8496 2964 42678 19342 1121 26859 65351 46548 10673 30234 55499 38240 31486 6542 29088 31295 61388 29741 10758 39089 8610 31931 7163 17783 49637 59129 20859 18713 15895 5759 52837 17033 5777 
21684 30321 28415 61186 47358 7755 20649 47622 31457 46077 55291 9890 41420 32569 45880 39691 54883 62803 43409 12573 61267 24836 12185 30623 9868 28277 7601 60675 35358 41939 519 17731 20571 7629 7916 23675 40531 20027 55434 30822 61815 64926 31730 52902 22238 17255 45399 12624 49985 64415 40455 61548 5530 2630 1154 60731 27016 1314 54651 60299 17985 34110 47005 63820 1451 23819 19718 57357 35870 20677 27905 34459 10458 48132 24454 10926 54914 40288 26235 2301 35736 4057 45951 15167 55867 53311 51717 7621 58007 61748 
33114 59365 52175 58876 7154 40560 21762 32808 40497 18463 18285 49064 28472 1106 46903 37869 4457 36974 280 3970 25955 50324 23612 49895 36 29401 9061 22788 4079 58477 21212 65464 62509 16765 1680 4687 65266 9817 7072 21916 62534 25430 64247 43593 6576 53772 1809 53458 25066 61572 25423 54382 55735 48495 58375 4380 56193 61433 12492 57694 10488 46856 34095 11081 39466 20372 7841 24506 7881 60848 12341 56093 29502 57902 25944 61062 30454 48731 11625 58175 1393 50444 22229 7276 16880 30830 2281 32219 7842 8242 
9109 4683 46151 38577 47690 43332 44227 58319 37655 31030 2647 18220 17711 36712 9488 59340 48722 58161 51902 21579 62418 17604 27616 42029 10446 54271 3847 18022 57395 47112 34152 19945 39403 46677 43772 59826 2095 16227 22282 29448 243 45822 25139 25649 53043 18347 48141 38999 50863 47778 22860 4218 53962 54667 13166 43437 36763 17500 22032 13365 50374 31200 4469 54987 24803 18895 13761 7082 43559 12896 14793 4598 14521 47923 65247 46093 27465 17528 16420 21730 44209 23350 63739 60159 26647 32951 63853 27461 59648 49391 
5600 43909 41706 64999 2881 33814 61819 39526 22062 36248 41668 24613 41212 52823 61922 29148 1092 35052 3422 35389 55709 53395 60833 46478 61534 532 20853 12116 11684 31854 36082 10057 2987 14437 14090 12714 53494 56256 27958 614 54389 61622 26292 6236 7606 46046 33557 15327 35678 42955 14054 54031 56242 50804 16414 42620 52565 14973 46909 51297 59301 32667 22376 63867 12222 42286 31419 28290 9997 40789 64977 31678 56580 65328 2325 26932 17362 23413 42058 32256 63031 15021 39787 51040 56870 10659 44167 42782 23453 7628 
28129 21869 28623 19693 1490 59426 60955 27900 52223 19455 39697 34332 6916 53539 54154 56147 30191 62238 57762 63960 2808 58238 1226 33433 34006 31470 17467 26496 11845 54752 10131 17210 57844 33602 30307 43787 24341 31342 57092 13480 52128 33731 45216 28442 9191 57525 63022 59646 23112 39864 59738 20999 54606 44110 51582 6189 37004 42234 34612 8211 22799 63126 9400 10079 19412 20397 2523 32158 28202 37756 2787 52423 18330 56477 34261 31209 64888 11809 20500 41266 6296 53528 37523 413 30883 14438 16578 7927 30446 22314 
63556 56232 16788 6125 24394 11665 43518 39510 19808 15696 12556 18826 31460 64043 25621 61078 8809 21014 54281 62886 8995 43830 8673 2483 57727 13636 48314 33881 59216 10608 53210 42943 57926 22081 25561 59810 28446 21533 55908 64 42196 52846 46164 39212 53580 59146 55972 37738 34975 29497 13714 29556 61876 13744 9571 34812 27509 11206 43314 47982 34703 7077 12610 7965 39098 42586 61234 29437 57697 44286 56989 53499 35685 27100 49588 44822 51139 43895 31179 45799 23787 57554 29457 11523 64636 23350 3836 9517 10483 52984 
46164 13290 18635 29980 43510 54556 33094 21246 2494 18633 23042 57685 53296 863 38283 58314 20583 50678 63254 23496 25367 42989 59092 55476 31468 63181 50556 15853 56996 36560 5029 48655 35407 64830 48921 8818 35307 1677 50507 24914 190 5415 12354 23526 37985 33558 23889 3090 50476 26886 25175 42613 21977 23810 35907 23388 5747 21307 50072 21916 39384 0 6616 57033 5475 25417 54089 25596 46784 17478 32594 53252 4134 56443 53857 11192 2762 25442 14282 935 35323 50407 28847 34406 59874 27251 27216 65275 23991 20021 
3470 40017 42405 15610 16862 10909 42898 10526 6248 16304 31282 27520 58523 24312 17905 29290 10010 27607 3694 43567 59763 7206 50256 43334 62666 57092 37658 21374 46335 47623 24484 20080 15148 21374 25369 39399 53881 56722 64338 29570 28624 24344 40202 31392 25869 19706 24857 19311 21937 58848 40090 1368 13780 1501 27075 8515 52198 56446 13042 47866 35781 23728 41822 35108 18189 45530 61131 21179 39453 21958 53752 56692 63334 1742 4368 49752 51644 35252 50984 26154 33244 61918 53047 38214 40242 27956 25111 3336 1178 33749 
54687 45696 25910 3190 20236 14996 35492 16783 28940 49967 49634 32104 31500 32118 40518 38225 18297 4929 33797 55566 37463 41977 16405 30423 48222 48991 27242 41530 50999 25886 8444 55651 16961 5413 3163 39256 470 48045 8922 62220 27787 23928 61234 48236 8035 7142 7162 43221 57837 9345 44078 36090 64299 61423 31532 64829 38246 48813 23144 15105 40100 47658 19505 5849 8443 7271 63796 31534 61962 4708 19993 21742 27222 26648 36532 16009 64001 58358 23476 29778 13866 18904 14875 9149 12324 39260 17858 25020 485 29911 
27886 48114 44052 44322 39608 33911 45614 64 37718 6255 23070 16823 40981 20472 27976 12947 30768 16678 36462 11277 4029 64008 32468 44596 7749 54693 30830 6211 47825 47741 11531 592 56214 51583 12734 37674 42513 870 34682 14096 30782 7714 9235 2352 40609 1789 45247 28903 19651 63066 12275 49149 5815 64233 29951 17393 16048 56810 39033 16807 43721 710 20978 59357 44563 7479 26556 46090 41113 7332 57582 725 49833 33377 51163 37436 3244 52780 2223 64852 37953 38089 63424 31344 63431 44529 63402 63571 37255 5493 
16060 52230 15539 43527 20539 64548 49639 57465 55745 20993 61950 43582 45241 41979 7494 39842 24865 42859 474 58166 63694 13970 28744 29789 29173 7057 50768 19867 26721 47434 43782 57769 48277 43515 55944 4230 27788 36364 24100 9949 51399 13325 2110 1569 29503 63046 5209 10861 24836 36702 24986 3811 59133 43770 40792 5435 5190 63286 51954 36131 48324 23671 23384 41483 23374 63465 53582 35599 41915 64877 2017 43826 23537 14507 40897 25877 18743 11682 18545 24812 279 24744 24482 35505 8640 18033 39623 17864 37901 7580 
17473 36947 17469 12808 36258 12398 60362 24864 31949 20171 29680 51247 34528 1391 35947 20155 42428 24101 40195 30377 8994 47456 14382 23129 1617 21385 15969 35064 10673 57391 45427 34505 3577 16682 29980 54690 24298 42795 43394 19476 43689 10773 47958 44619 16758 39716 48485 18969 1756 30298 17174 5175 56063 14617 48359 13398 9419 20634 4473 50473 36192 17881 33338 5667 6966 1296 55418 77 54442 14332 48788 63777 51901 50049 18592 12070 59639 8389 1266 62536 50022 32372 4768 20314 47145 30939 62376 23069 48055 39581 
42568 55896 16067 64112 12806 25565 59409 37196 24851 57851 26621 36858 52434 6668 1973 36065 32364 15676 25174 228 9829 35272 18195 2344 64444 49507 17914 48991 15220 39766 36372 61734 36720 51632 26126 34339 12118 39659 11009 7824 36663 35446 12624 59391 9025 45037 43917 48599 53109 11460 21020 49655 49876 63452 246 5266 63071 25951 59614 38003 53428 48502 58739 46910 724 60012 38635 54884 2374 18324 58541 39529 64302 700 19751 61485 56208 39452 10480 30188 13662 32949 3259 9736 9562 8253 51650 58643 47728 43261 
32511 9587 18125 7058 4330 39810 61910 4753 29521 5267 42549 41650 61304 13544 28565 45439 30480 18723 38530 11675 63028 60853 58708 59036 14560 61776 12289 20237 7112 51553 25050 31217 20947 38600 10185 36801 36224 1544 32189 52090 59348 38322 20685 14158 26804 63474 31632 41849 13559 46520 65188 31422 49904 65273 28010 63306 34621 27924 29116 17567 42258 42239 44660 60933 33466 16428 59703 3459 15280 60628 55023 65113 28954 13879 4049 48455 46952 54662 43711 18760 26441 44761 17502 64679 51417 10537 52633 65013 37616 8586 
44804 22437 16663 52297 61622 6481 40710 43135 33926 25459 36513 60712 46111 39662 8010 59857 39753 13499 28321 51255 5782 46935 43442 39170 1277 31640 35090 61401 21470 33856 18239 16759 44935 48872 30518 32128 26792 17258 38061 16532 55521 11593 9453 40740 42985 60403 37238 53680 41884 24358 6072 43168 4477 37564 51318 16341 36732 843 35392 11572 50644 8529 18066 38985 33690 1282 54294 7091 39340 35774 33215 889 14514 50597 43316 62748 3074 50771 2415 15555 22028 10332 61287 4021 62079 60213 26376 34170 62835 25261 
15866 3504 28216 40080 12960 1201 6937 45774 28956 37780 24055 55258 28025 25786 43124 404 7985 12394 58183 1297 42575 40595 14031 52201 5093 2951 56904 14044 16565 44717 25341 53144 49029 3992 52478 47284 7787 13493 43177 64806 24605 11883 60430 35366 221 5613 59669 58889 58761 19303 2635 9684 23396 32241 23336 49308 33732 63914 21582 40086 48292 47365 38921 20051 38065 12313 40407 51123 45175 64840 49340 50917 44267 46163 17504 22116 877 42685 44665 6409 36555 57894 40720 9693 61311 23334 57610 62652 58011 36655 
63993 10239 62718 39133 50124 59041 64264 32570 29345 59807 51262 4700 26321 14142 45096 28775 44034 42888 26402 17527 62027 32135 62431 34668 41433 51361 46546 4960 57878 26128 4364 15456 28382 24078 9294 239 52637 1006 31544 10238 64614 34601 52125 52956 58663 16369 2915 45890 24635 20546 46038 39715 53160 17137 10860 26609 23438 55563 35235 54494 56531 25855 37154 25208 10642 30182 1003 24285 45083 7795 3261 346 30079 36727 33356 28142 31013 18261 60206 64420 23687 61994 33429 13318 62165 3384 55519 26589 59639 19841 
23466 51810 36444 57111 48005 36428 19526 30847 53629 396 65280 50148 7510 9789 8982 29072 12078 21391 19881 14102 3426 8507 17880 10372 17984 56231 14548 7455 52044 23671 46876 27938 2553 41941 62296 24785 41037 23139 7110 64890 44279 42823 30892 15349 1988 12891 26227 42282 24624 51214 9195 21571 43755 43614 12685 10425 33018 50255 37991 15776 39088 23307 3961 28559 18742 49970 24701 12634 50715 53786 33682 54828 51924 65075 39615 64359 43983 12946 22184 10994 55742 3328 1433 17828 6675 50012 4754 41522 13315 15521 
56377 561 36475 17232 55012 34050 23654 60126 53340 11699 18496 34837 35479 14392 51885 36188 44258 12014 50256 8321 57473 19415 14213 40679 26423 62033 48554 2634 42158 1756 46940 5697 9158 40860 46958 33611 26016 54486 1495 42247 16472 7301 4543 17987 26962 9673 57688 34029 33082 60724 58535 53399 16289 59245 6443 45702 9165 22405 62939 60410 60136 32732 19919 53598 10579 1970 12050 22595 32183 46124 52261 61542 13759 9598 58805 35528 9021 40158 3949 16405 11471 18108 8209 51862 57007 13483 58741 39622 27902 18127 
53694 9040 56379 26119 11883 9321 60900 46876 2596 43965 117 37800 1403 287 61108 50476 6533 46445 43179 57704 49552 12880 28919 48489 27423 25584 18832 20863 9735 49540 39564 54573 28460 43473 42510 61165 37131 5907 2731 32031 15780 57695 55463 54847 34172 4970 7795 54297 29490 42359 2339 32992 46498 39986 27760 13848 64096 12616 19029 53686 40778 61401 52665 19293 16860 23084 34104 58670 29440 64296 39601 35205 18615 26649 49749 25309 7920 8029 5800 11669 23438 41860 25294 7073 2579 46398 18442 14806 63889 9166 
56254 7557 55650 59224 42908 18575 40111 58353 29894 54603 5724 9117 51533 61225 65378 32452 39331 54736 55596 25361 53782 33779 38836 28226 26486 35667 52758 56378 3172 23105 56922 59111 30031 60164 31200 53059 63925 47803 47898 40419 27786 41060 55335 53764 18433 61521 1355 40537 37872 51477 55154 22982 60303 25233 15742 51514 10667 58537 58940 58973 58098 21657 44520 25303 31824 20393 50245 9450 48625 22141 34801 42360 35158 45935 16590 40400 28795 3070 58716 24636 39618 46446 22868 3803 25045 4789 34064 39778 16974 32250 
59550 42716 3636 30589 8624 21820 34718 7033 58627 63544 36780 12446 49946 8996 6866 34948 48360 23690 57915 48812 43968 49245 7827 5200 1578 19055 6005 43667 18190 57335 28373 25937 38876 63194 38370 32258 51567 29952 6709 60313 38361 46645 45333 34782 11904 23045 53329 51476 33074 57924 30069 22711 40613 9959 22280 55609 18568 39473 61496 61890 35301 48142 2845 49764 17681 41828 1263 63851 51666 23663 13011 3517 50456 29946 51709 54280 45699 44570 5433 18928 5415 5329 59759 48556 11919 54300 20420 56511 35271 51756 
47221 42920 11852 10392 50752 40400 24540 62847 49373 64653 52550 20688 45699 12775 32584 36879 39497 41653 36217 3098 15830 12066 23691 59134 55244 3286 46132 49693 35637 41730 61465 16954 27337 21239 45116 19452 2300 35781 40895 33520 22094 7326 60780 28986 53952 33566 18253 19771 43591 43609 65348 18582 29044 28103 18206 35007 32894 42991 33816 59020 11621 6578 12035 9929 1824 13263 51063 3748 20673 18975 27940 13644 30779 23437 63076 21292 43973 39035 54221 46099 36966 57682 25672 37065 27746 19688 44486 50985 24431 8789 
25808 31132 57952 60254 53596 37147 34644 47521 25187 41125 9555 43084 28610 63771 37420 9477 37105 1938 45241 10623 37473 58329 11527 1361 59364 24113 37764 57425 30195 53879 62684 65307 38430 63775 63901 51437 56633 42420 19008 39340 20732 16220 65114 59334 63769 31852 45498 29635 33333 36528 36737 2002 1124 30460 22668 32969 2181 36361 57299 31533 12302 50914 29473 10657 42888 28970 4078 41924 9858 25335 11112 10392 41958 15053 11377 23719 44435 15944 24111 5644 8250 15552 50 17531 64325 42435 35634 23195 34045 45779 
19298 3566 13059 6571 46111 38633 46829 1153 46127 56787 61550 54818 20978 43706 50726 34910 27911 2687 57986 12605 21473 27386 39888 49645 47224 65396 9047 9351 1620 19513 11470 56836 27363 14816 3245 58374 13123 27484 48764 7955 52489 8154 62494 26027 5027 50925 34428 55879 36212 16069 32580 64175 29132 33180 37716 42812 48951 20671 2936 44487 26702 24462 6566 57386 19965 16700 16826 32713 41463 58318 41493 38314 21025 5281 40147 31925 14109 62444 5657 63455 62213 12631 29959 59462 45702 19531 22303 46567 51294 1753 
36081 27218 24530 5330 12884 55809 17869 23065 48250 53715 3699 50076 19 3794 17420 11682 39227 38155 63027 28409 46735 19937 21587 46897 59993 32718 42787 24159 48365 28584 33502 53750 13631 5414 4320 21499 52506 50124 18903 12859 1025 11517 62835 21083 63631 45914 24397 38790 60498 49152 12492 50338 46551 8019 875 13279 919 45713 60473 43883 50927 24629 58389 47817 42088 52634 36548 54042 6826 17482 17404 9602 55558 16542 56575 43528 19150 51754 505 65355 65469 31637 24354 54046 16668 38882 36754 52396 38263 11735 
63827 5732 57885 29444 25987 35447 16182 62402 21691 6181 56905 6896 28012 54899 62694 30042 56362 12890 27726 41565 6062 14097 13024 62781 61876 7538 48490 15832 8190 11707 6294 797 11988 45831 56022 27891 33336 18793 52953 15539 19464 37003 37512 13386 58031 51051 1306 61445 0 53009 63600 52570 57354 12224 21865 28528 50840 43749 52831 2983 16692 44115 40346 31293 16228 30832 34132 45692 23694 5185 20143 21354 33709 28264 56702 794 19745 25856 19397 34902 10381 49917 18065 4927 22453 21784 43825 48043 42705 33002 
42018 41729 13169 56319 59199 2655 25883 48557 17109 20173 63596 16622 19559 53884 9901 30599 55147 48147 8841 35347 64615 6549 25039 3376 43055 16175 65506 17466 31928 16257 27165 28213 53648 19558 49755 64994 27372 8262 61115 29025 35187 14214 12462 54686 37495 20684 52263 15901 59722 37328 24829 27241 42795 39077 47141 11472 47767 51949 57367 39084 46506 28451 43129 8072 14276 15722 16651 25770 12930 32284 1878 11327 3908 44339 38839 25066 12119 53042 32333 27028 40978 20178 20177 51540 45261 27642 62046 31249 36709 61693 
27939 29821 9204 29770 12905 22611 34013 45978 23203 21762 50271 50067 22838 47199 25832 4024 64580 28293 51173 49787 49327 52427 49652 6459 64851 10247 12091 30832 10559 28941 55853 24627 1276 63146 45449 50992 54260 47044 5216 45696 16190 54119 50722 63210 31911 32138 59582 11590 44150 47771 56598 53303 5575 18162 22780 15324 54266 1715 23322 35198 26005 11926 58566 15373 32717 61244 30837 3565 18287 47204 20050 14501 899 48232 15606 13920 19695 61663 49363 49906 9109 40323 29089 10823 79 22908 55020 28909 53626 14605 
29501 45308 54372 61922 52935 54743 26370 36455 7882 37300 39770 28091 32083 19637 3070 23870 62768 16232 45077 24267 58910 28985 43004 9667 47183 58848 41641 50671 12867 28361 39016 48509 55873 22317 11823 2355 60059 24941 31245 22878 16041 34310 37593 334 24219 862 15391 33947 48577 41143 37313 62 9302 3827 59613 53441 42895 2264 41661 65413 31293 63579 50111 52413 22719 28018 5982 26332 53084 55832 56865 57279 417 49177 62141 42423 49794 9047 6921 1986 23944 24137 58085 45211 15094 27259 13709 40648 13010 56204 
7808 37514 8022 26436 42486 44584 58427 30821 53656 31073 46004 9637 11799 8303 9040 34424 32063 8915 52965 55028 63773 30810 37263 42104 6592 28597 438 46773 22984 37046 54048 48873 12338 60660 27603 29682 18693 16969 56589 15803 1179 50242 17099 13855 21020 6572 56837 30107 47697 3406 9847 35604 28045 18961 46111 16744 13629 48908 32929 5276 48130 63481 1757 43070 53283 59218 14028 26136 16324 61172 14326 44189 13830 58684 24790 35173 10272 46815 61171 61483 5289 46514 18916 61391 52211 32139 3872 28958 38354 64463 
20531 4992 1683 42833 10620 46238 28410 35227 34330 17030 22574 22007 59961 44150 7536 30388 11641 58870 21652 10644 9412 48182 18562 19612 48956 8361 20275 32441 15798 47480 54132 51401 47714 13563 15367 36103 15553 62601 36623 21471 53319 26038 60201 22759 3999 33798 17036 58369 64400 3045 30603 39011 57898 14735 52754 49029 503 48596 2475 5632 10522 64605 59095 26773 63835 6654 3431 9523 16206 24779 60465 43961 17804 56137 32840 26753 35664 5386 17726 21646 61978 44928 8430 61202 13175 28060 28719 3537 33507 1267 
55907 44175 53843 55259 16184 22059 39671 12499 55903 7202 28612 11647 41748 38318 9322 10532 2070 25729 38732 61947 26823 2007 19921 49059 22672 13831 25988 43079 40662 11920 55447 49678 11623 47895 25324 39736 62776 53105 56249 27450 27354 64670 1224 55543 58076 26335 24380 39969 20349 20823 1098 32285 36766 15499 56483 40865 18696 6108 16678 61807 63579 57205 33084 58426 53966 33571 8736 53402 20174 7446 46316 29424 22775 19396 31648 48671 38275 52114 6443 59257 58718 49938 27612 47421 41171 58908 37642 21427 58329 34335 
56491 54132 57812 35054 20178 59129 56067 15279 15801 393 52031 13387 16562 19019 10101 33796 5290 30287 63102 61821 28580 31105 33411 37254 43548 40648 31414 54181 23313 57332 61019 34471 47985 63875 64564 63296 50040 46720 9714 1591 56087 17770 30738 4405 14080 21929 21794 10337 55624 49794 3301 16725 10885 5720 16349 8326 49550 28865 32512 3267 29472 56156 16062 55509 9633 60802 21786 740 9902 53271 13772 33151 22158 12539 29750 35727 41004 44952 27304 63216 9157 49873 4938 63615 57074 41091 47411 3098 5186 58705 
31444 28623 55244 63978 42965 53950 54605 17530 23365 8848 1423 20214 58646 52868 38950 33233 9398 11771 4361 16118 6336 33913 42820 54948 1516 15553 48200 51773 59080 39606 19607 37352 3625 28111 59337 55312 48763 61078 9596 26697 48751 14051 12481 7189 39395 38519 54099 22472 59459 174 29277 53397 13640 38552 33894 34349 41963 48524 48690 60470 36972 16015 43789 17724 23535 25437 7850 65317 62238 44727 38046 47705 61942 3381 20870 2109 31769 17843 56612 47735 53466 1887 20936 17271 40001 48235 10003 26984 61098 51505 
28681 8739 6203 4937 62150 11890 60309 45861 15446 33348 59594 2423 46451 10471 59773 58446 50055 17833 28232 53537 9907 9390 13669 20390 52847 19026 4249 50968 50857 27178 57880 2477 21737 33122 43081 9279 21015 57669 8385 63799 725 42603 38739 55674 23938 3619 37404 58683 26407 43575 47393 56941 5989 37557 61597 10071 53111 1760 15173 50375 9215 55395 60090 40226 9275 24915 5584 59542 65395 25948 1848 58243 23158 15738 51902 11907 54571 42202 50308 4551 35157 50717 45787 52315 10750 41566 48747 2022 28741 44700 
18337 10689 58374 56498 4247 37195 24980 14611 1563 50877 14118 24912 61181 3698 44695 39493 39470 4869 37538 9920 56881 15655 3955 21556 31656 17831 33804 43103 4143 53835 29664 46335 12440 35907 47036 26228 27406 54706 6613 36879 17623 18508 31919 15341 42877 19364 31434 10604 51369 28316 26803 5715 30892 20035 5612 10240 46089 9127 24824 48534 28110 9171 2527 37882 751 21229 55207 16227 21830 58070 27641 50677 31522 20667 18738 58513 6028 40856 21924 62451 13864 50229 45089 24100 37183 28825 19408 7482 8236 41741 
31815 8286 36867 46399 62344 15930 61459 14208 1543 42396 54942 38014 19653 59745 8110 54863 5133 12233 46755 35255 36410 54235 51808 7811 41216 26542 55893 39437 44517 37899 4061 27017 24839 51194 32346 49621 6562 35555 41229 46185 28037 47532 6212 28405 55080 37821 27995 2799 38553 58893 9370 8585 15764 8766 21970 8366 62143 2866 11797 53549 32041 60483 25137 47335 51740 3519 18136 11507 56244 25357 9689 62685 24086 9116 31288 37225 22964 57829 29918 46256 14786 11697 61879 1286 43477 65265 60366 59464 62431 54800 
174 25976 58661 5703 57898 39166 36199 40070 8531 19594 2463 39640 16203 16211 36612 41281 31965 59924 19990 48134 52052 19501 7092 55258 35392 2097 28641 35150 9769 57942 56836 17632 35408 48356 12112 2215 52719 21344 15753 9900 20383 23465 53734 28332 44440 44348 54425 59006 8465 14160 7245 19206 38092 54240 51616 39455 10601 55488 56000 62302 39023 5109 37559 52210 40406 1066 17210 42080 60822 43612 29389 53366 14915 38790 61604 40284 11135 63004 43973 29183 50513 959 50521 57490 8288 27174 53097 12131 58323 7856 
20942 23947 27997 15236 5558 25279 9133 58259 3742 39926 20243 49707 16569 10281 47224 63748 741 34707 43574 35173 28828 39669 21155 32080 17070 36927 8035 45118 17400 33961 8000 1718 54332 37479 20834 15967 2033 22087 22493 48085 60639 11340 40574 27743 46321 57063 28341 63062 29672 49507 42123 34632 55575 1809 45351 52095 3835 43593 54358 36848 1968 23929 21622 47446 56462 36264 31356 11669 62079 33928 63373 16813 18388 46081 670 42354 45770 32947 22204 53150 46275 46179 29238 33491 5791 2140 22372 5300 13824 47970 
