20 20
11748 49403 35763 27586 17179 34080 51249 57401 6103 61912 39794 35778 3999 6080 19569 31776 27756 11398 23762 13473 
26612 64830 51004 31920 28884 6658 7052 52024 43223 37640 47828 28573 19523 8031 13420 18692 3522 52357 9146 46099 
47038 41173 29658 65141 20229 4601 41126 12569 7610 38400 42106 61062 9542 34619 1089 56719 2404 36681 60017 39407 
7996 17232 11646 44237 50402 40286 8657 7065 18160 36888 56867 1840 60427 25797 9271 4082 43676 855 51116 9043 
62193 62955 19606 23513 46168 57015 22936 31234 31840 7199 56699 58379 32596 24626 38790 54159 17462 40761 56062 9298 
59140 8658 59632 34368 31388 1512 52850 57391 53590 38087 50150 62292 12752 39145 36256 39972 49221 46402 22987 3718 
56802 11390 65121 64027 19726 14484 63288 6417 48757 13782 28469 49339 36849 55472 45439 48675 64420 15286 63311 51645 
50355 21842 11833 58611 8285 14532 60612 48909 28540 26225 32499 45150 3893 29852 8678 19170 16554 41605 3735 23442 
41538 48774 36310 3003 5456 7758 38592 3802 47809 44154 49616 49984 38800 29022 60734 54555 24903 7814 4405 60527 
40045 47817 55658 55586 19738 28882 31992 4454 39384 47791 20405 5782 9068 40985 24413 23334 38726 12023 57235 1244 
36278 15256 43458 7991 53187 51889 27057 53364 5732 49598 64789 29068 13012 1293 43165 16149 32664 16643 51116 27893 
14881 46823 6381 12528 63464 42259 3988 35161 46882 21712 38992 38420 3730 16707 14161 28077 58846 5446 44015 11805 
14565 39125 59855 35554 45205 177 29591 24781 28124 22632 20552 5793 60074 13554 29213 14961 13887 62332 62836 49407 
24080 61166 22646 21457 61900 27521 29262 30779 44553 62354 4156 52009 329 26249 15620 40135 59706 27836 56177 2051 
27846 3923 62886 15373 13500 50134 23970 35700 19877 21929 6534 9663 32293 17521 21257 9941 49145 40676 48566 22863 
2705 14187 44068 50975 46300 33908 3896 53539 15534 59125 25097 20359 17394 55201 51549 62491 19989 15395 61029 62468 
8203 29092 8875 48289 22620 61201 45408 56423 11523 63227 58617 51792 5788 11593 2485 43074 39365 22788 23727 7113 
47420 28529 18802 24559 65505 27863 16896 6122 15770 23965 26240 28944 8134 48309 57273 12673 58201 914 60618 41793 
47723 53639 18239 21767 11940 52265 47235 38249 1869 21695 10908 32764 10034 15041 59151 169 60955 40421 48033 47668 
42384 32617 50070 13917 26352 45545 4445 40834 46451 19597 47173 15868 8038 56251 52941 50508 7244 53873 22919 43717 
20 20
38032 45616 8119 15490 53163 23888 3451 19594 37725 15086 44291 48881 786 26589 55259 31317 15643 63519 38984 40942 
47553 12325 56695 57108 28296 3142 42436 11051 58104 62792 3880 10048 39971 43286 21505 40032 17986 54527 18741 38030 
52757 54090 27661 7345 37246 2521 33174 60650 20601 21030 57092 45628 47883 18688 15182 48127 32356 32062 36286 14710 
44008 49123 29801 19256 17101 26972 35812 18199 41684 19249 28071 59271 38521 54908 65204 17268 21314 55322 45092 35982 
49329 5314 4484 37766 60401 37499 58855 17827 57031 41111 11282 34839 59234 18176 33669 35447 51578 37068 64275 36694 
777 16541 39892 25936 41568 22551 59891 19910 16481 26844 26710 2076 37517 3278 48443 29861 48630 43317 15234 54375 
5230 44116 3245 53175 36578 4340 11240 10504 45562 19478 53754 12154 30205 59836 59190 36706 60065 64005 13777 17501 
593 48107 28259 60590 6857 36754 63871 31925 38845 8444 9364 31383 60436 1668 15961 59033 41012 28387 34680 12020 
37974 36614 32147 64850 29228 37955 52908 42485 33655 56487 63324 635 26053 42535 52464 36736 37793 61213 10817 9861 
2750 13101 51619 37931 34204 3819 13331 5256 33476 34582 36810 45308 13596 13473 35976 64458 5615 28849 2074 11437 
30127 2735 19710 17306 55783 8056 57671 36125 28813 30145 7397 37980 41091 4711 2537 13908 31405 10586 24634 38767 
14246 41939 34651 12113 62127 62717 5791 17000 36454 24512 37861 6120 55063 54846 44600 29043 9364 65227 17974 41943 
54064 18553 8750 41201 57266 18661 38597 33321 41488 42286 50709 13862 11239 38553 25359 43779 54086 8206 32350 42505 
49585 53671 20412 50771 44089 16917 33314 23800 44333 8230 11779 18043 48806 63165 10121 39701 35765 16816 49293 52542 
29572 57109 34702 41903 12191 17656 36607 24299 61949 35498 62064 704 37499 22935 19572 49103 13864 46495 56050 62066 
7461 26676 49887 63946 7368 52835 43571 36190 5524 36791 3530 8706 61035 424 12528 54255 11142 64058 834 41793 
30840 12099 17096 24409 41878 47717 16024 62802 46089 63073 60182 13071 1651 1281 8525 10688 6631 48240 5541 46347 
2778 27292 19416 30326 22250 58587 14119 22684 17715 18255 1503 69 51732 31861 55422 39157 41202 11467 25473 60588 
4120 64619 59761 34009 45732 38180 15673 55370 21022 59142 34368 3573 33678 5117 56834 41338 53808 13658 62188 59973 
34397 24083 5330 51939 35613 37260 12773 14480 55875 40066 19766 42592 56289 56071 38383 29789 17589 57314 2254 49271 
