10 10
41917 39846 14237 19315 52202 26622 42483 31592 23261 63704 
28538 54629 65161 48709 20989 19946 63809 61851 28599 31500 
27921 27036 39846 24169 29264 58600 26403 55135 52789 33443 
38843 5612 47645 49626 17558 25973 8176 50348 46102 45595 
31319 2098 20817 18214 30005 16313 39511 40428 23853 32329 
40108 21355 45776 30771 15149 36174 49490 38654 29969 12841 
42989 63286 51080 38585 62696 50809 63680 20016 12796 4728 
61618 8877 13638 50343 38863 38045 26803 33281 8437 21745 
11708 42865 13647 53774 48133 54389 33868 24252 45262 25577 
6709 34907 33881 45860 8983 47915 9087 30544 22589 49179 
10 10
63274 64481 34343 18990 12290 11771 47260 19301 36172 61028 
4065 62868 5096 7415 535 62906 59792 12510 15630 15265 
58122 4868 58628 63108 22337 57803 47693 26028 38308 8242 
53389 37116 1928 10708 15590 45479 53010 48023 8981 9831 
38659 57722 57233 8070 51657 3312 21925 21620 24518 41412 
58302 48284 6167 26343 10830 46468 38272 4771 56868 59974 
29154 16964 38178 9397 5378 37268 6629 43921 50788 27945 
40902 45572 47531 43607 63185 16317 35795 12347 6330 5597 
7018 9853 62881 26444 58502 44216 63267 47506 9060 18590 
63622 33512 2652 42318 2069 20691 25244 22735 18782 5187 
