70 70
26151 36889 42273 57670 40187 56544 50445 20626 2720 54254 61769 50909 11724 33078 22290 18813 4752 33737 57300 57227 27669 40016 24498 10788 8972 37159 40505 13510 26588 14183 2800 31783 23162 54578 25857 46877 28970 569 16463 15151 10863 30640 9307 38061 25203 19238 19704 35557 51007 57792 5333 64854 60491 22236 11244 36854 24161 7940 46110 3829 32710 33781 8553 29745 28402 5352 61136 2503 4558 1974 
62126 37911 40788 54220 26317 27139 15581 45907 64723 18159 32118 61325 28182 18274 23031 48544 59077 40372 1234 55691 21570 21044 12680 61286 11531 39457 37420 5832 33538 32808 44355 10654 36735 6690 14547 65521 14140 7733 22444 38688 17392 12090 47855 54880 42029 6890 37968 58744 3034 47136 62280 53700 2615 37705 64917 59036 23466 6050 23512 21642 17546 20853 46076 64681 13960 1156 27868 21589 50754 55543 
4615 1372 54633 33866 2817 12615 18504 10342 47531 48154 55770 6660 38631 48585 22007 8448 22100 54703 17244 23808 13005 40425 4356 30553 60256 47843 62482 3056 17216 59427 24698 309 12161 57997 12509 49466 52692 57023 9588 43400 35211 54798 14674 2200 43959 5577 63967 49921 60898 39997 58651 33385 48284 37320 46912 62180 40892 48746 43760 21921 47037 25305 33385 56061 52072 36619 54451 25459 29341 29535 
12428 27306 12085 43352 61462 12492 27236 22896 47488 23834 43945 13676 64922 4523 36379 39446 60237 36592 11732 62631 14146 50621 47385 36468 21404 63363 55220 32673 50639 17798 5718 4753 58460 7205 55754 12314 13887 45747 5382 25075 11446 26599 34405 55736 30932 40990 65243 37069 21554 62824 48574 16137 7003 58198 13027 39171 40639 25603 59506 29017 23803 61552 50216 16142 11823 18006 23034 57322 30491 42422 
2186 2456 16291 52335 43864 35163 20288 25641 64264 11202 55215 5412 63352 42750 47183 6291 35693 26660 36807 62245 29275 17266 63051 54532 19156 6794 29408 21548 9404 55532 18398 40422 5035 40539 15005 56978 3584 28308 51616 62878 17504 14071 16342 8600 34381 16798 60420 41334 58766 41762 53585 52516 41912 58268 32593 33229 59746 31473 17384 36299 38671 39009 44782 33475 31145 46248 42905 10828 48516 47274 
59171 135 62269 63934 6147 347 22259 12837 54165 39517 56013 38969 53457 52664 53359 52012 49370 34840 18220 60221 2400 3649 34389 26164 62799 42793 20375 21123 488 44735 42654 35306 17822 7056 37849 60410 62309 64909 15011 54181 25684 15 47665 54356 29390 36465 64766 32997 10845 53096 41794 23409 46494 4194 48320 8244 24278 54528 29398 54561 11368 65297 31725 27651 7275 25729 63182 22101 6385 40110 
19135 63174 56613 49821 29978 13729 64336 51945 46249 7560 29272 37058 16892 5522 19918 12446 28450 16932 62250 40004 40064 2503 1687 3854 2973 35925 44703 59163 1070 19336 44782 60042 41867 27224 12656 65275 55425 26048 56691 39513 41316 26373 17349 16543 19149 39408 2127 6092 45353 17040 35009 45193 19022 16475 35608 4305 355 31872 50678 36124 18760 2687 43911 64881 42095 16201 33165 36467 1563 62364 
43395 48560 31811 61456 63312 21245 42041 37423 32711 44144 53155 20839 56203 7436 44712 29402 5398 787 27322 54163 28751 41635 33804 25672 50292 10249 64625 58695 22858 47523 4860 24607 23815 47467 22101 10700 45966 56109 323 15213 20526 22990 56551 9372 16745 15909 2748 31863 374 12164 49889 7791 9665 44554 14610 60603 19694 54751 34206 24584 55482 7020 15473 19257 52678 38322 54287 1814 44478 8404 
40600 28688 21528 5468 16491 41150 5009 64668 21518 36329 49811 45691 55229 36978 28338 27723 48853 63696 8778 60580 33681 31707 18828 59173 49228 49006 39082 6530 11131 62946 23355 42871 16008 11518 44660 50056 42756 51497 47066 36395 9565 64263 49027 11887 48766 34091 34431 13259 52458 9691 31340 44388 10439 4609 9948 22728 60871 2625 26713 38985 23811 16529 18967 43146 54566 37471 47049 28930 46673 49457 
9009 10599 28105 48706 27737 64762 29696 44255 45544 54552 9167 54944 42811 48168 51878 15034 38739 65231 38858 56127 5021 52608 5573 17844 53192 20155 33348 53039 27901 34572 2225 9595 9704 42273 57693 49622 22682 31896 2485 13836 56601 52501 43554 35036 10140 20164 53680 53329 39050 46411 62932 28386 1655 48334 44486 59817 30626 59964 21251 14564 33538 43756 64488 19530 61616 3674 30902 13555 26806 36697 
58523 41308 12225 32258 65201 64867 16015 54885 9101 52969 9285 64194 23167 7209 8566 55730 9350 25167 1702 55052 38711 34571 31935 4157 32801 46217 48234 16738 57088 55839 2319 1672 11999 33244 18728 15070 11608 46630 8026 19043 42378 17378 44600 30943 58064 36271 1744 6516 64782 27445 62521 9877 26621 52136 41759 9939 5368 43678 61433 20584 30332 48809 29262 45819 29551 46482 50244 35130 47331 45977 
27374 42156 17697 17174 29384 2020 29078 26256 40620 21313 14268 31171 58619 10306 22496 63969 46663 17076 60888 12419 6472 18916 65269 28355 51711 44988 51927 64957 11389 19890 475 18219 58913 45963 4009 13465 7285 46032 12017 47372 58519 64172 37449 24386 7785 17188 62599 55398 5167 44705 28671 19658 25015 42976 9006 35225 51637 46901 31919 6853 50027 47964 59448 37531 8116 8256 9335 7208 28069 5847 
9461 39066 9397 19113 26182 15484 50007 57763 35739 42999 46459 15106 13633 24608 6963 13243 5991 11987 7204 56705 57066 44059 4566 19920 509 18624 48638 37226 56046 38439 26754 13898 38455 48134 56985 13509 45958 24516 28318 25294 41820 10259 12113 21658 43784 97 46243 37747 39880 64821 59650 14308 4826 25060 17724 61972 28737 18931 54181 43474 35151 37431 57566 35021 29989 63239 47101 64175 50835 19536 
8518 62568 22669 12569 56552 43744 34078 42026 25282 58018 45817 13838 2196 13774 36177 56055 49283 16414 3514 17731 19491 20698 11578 14142 8699 26596 62346 16363 52912 52038 63447 2712 30108 53611 48110 28152 1745 55634 46038 50185 10865 43718 51680 6681 24682 62610 35740 4252 18913 33934 63670 3552 45401 13204 63427 15105 9098 16431 53368 34300 16296 35108 31161 52349 31688 51562 17299 29703 48766 23068 
40760 55414 31461 45101 29422 31808 45240 32220 40741 60940 39781 36716 36546 54245 43790 897 49951 3337 62621 35171 62304 6690 2824 52873 57944 50458 29709 23734 22522 20495 24220 19791 12168 24513 6031 35760 61127 44807 15825 41980 14886 40423 48542 45314 11064 6305 21666 43920 49225 43087 62581 58055 55762 56588 3935 14285 59936 63417 53329 48470 43469 34142 15337 33433 15424 54283 24295 5106 18593 20574 
29192 41349 24032 998 16890 10683 38708 59958 57351 53072 38839 19709 23085 12120 20974 64206 2018 8222 13714 37875 58689 25427 27847 20371 47704 26902 49726 18606 5891 48954 63421 11496 22108 25953 28939 891 46851 53953 46168 28825 16695 49344 36803 8161 33141 4024 39203 30929 35238 31599 55174 20733 58809 45652 17939 2243 64669 35520 54002 13095 35260 52633 32639 4704 9372 983 3257 35500 30868 35973 
24557 17906 24267 59628 31572 34340 24307 10225 39463 59288 51232 47846 16453 51020 33426 30592 59673 16138 36390 31138 17418 3723 21380 33135 28877 44143 21624 3527 44263 19862 10469 4601 33417 23011 30970 6698 54093 24577 24370 5245 19064 2285 10306 13229 60359 1187 18010 9899 26528 55699 21524 40350 7282 20019 57103 19364 9117 51320 27461 8458 32105 27577 15434 36007 4850 33924 23031 36456 8129 61966 
16204 10328 37443 44745 60663 21652 62849 11812 21169 54709 8453 52395 31835 61797 14255 39660 8485 55780 46102 45296 22657 2925 50642 32717 62556 32296 44987 36957 42470 51250 25910 21648 9828 14788 46883 31623 61498 23975 49286 52880 13047 51780 38795 3785 56420 6919 14874 51191 40461 15096 60528 25812 15732 37559 40944 45788 44544 46489 55234 33533 39774 62913 3485 13815 49012 218 10095 34959 10282 25309 
31885 39681 37594 28697 5373 7874 37147 34259 53820 19042 11450 15765 45291 47372 57706 41263 12706 34949 36042 12056 60340 21026 25183 7048 37824 50764 45351 5283 51717 15143 59800 2406 6278 57271 35465 18200 23723 62222 28977 62373 29825 50540 48594 34747 42943 13126 40761 44178 52888 23825 39706 53088 15716 46799 53508 45959 25702 27439 21250 43536 46541 35865 6659 3271 50421 16830 3585 22484 54156 63995 
47384 59926 9845 16310 18480 29753 50973 21252 14590 51644 51619 24067 7320 8971 50299 38069 51849 39697 54289 27254 50318 6718 57090 27851 52494 5620 16898 28247 10702 20159 44648 27612 25152 27120 57781 21138 45846 12782 55827 43545 54593 15828 13316 30175 15757 19484 43027 25831 48870 16548 41789 18142 6 59501 6022 33084 21140 1035 27451 58475 16009 38077 59521 61679 51323 18435 50377 49677 1966 40681 
15616 3067 57141 5677 35313 62264 11040 44822 33178 47881 53656 46543 37357 23345 8790 47311 6720 61163 54482 17382 65456 10046 48916 15986 30298 35525 64647 56916 47216 10256 13215 14876 42411 18261 11807 55616 49753 22689 54995 49693 37007 38175 36214 7051 44280 8364 9340 11895 33744 17572 263 57279 7779 17615 53108 16995 21454 60697 19190 10026 19521 55430 41630 15076 31946 55390 40300 16691 61566 45317 
36078 8181 51947 49664 5555 3535 12544 53937 60756 64013 36125 59376 35464 58969 44837 15096 35527 7375 26620 27539 51193 57252 24505 52376 49131 46891 39184 30610 51263 40607 62795 45944 13445 54725 44823 6704 47803 28682 44074 26497 839 47389 48585 49136 36508 64877 14374 1017 33070 2348 6935 42838 7473 61511 21507 13680 30325 62370 7998 47687 4641 12737 26778 46835 3961 6670 58237 98 55493 51722 
18546 33812 60936 62246 11081 47904 25889 34738 8860 46980 65222 23717 37623 58097 19889 39045 44150 21770 37968 42949 62877 64771 20423 10363 50012 42104 45458 42085 24100 45125 13394 16888 25956 31558 57139 47437 34289 12176 15111 18459 14346 49285 60848 11813 60480 63402 10038 346 53413 34383 40876 33962 62957 64341 3141 12119 12291 11756 21702 27016 14972 24985 39636 61005 57237 6995 46136 42207 21559 56090 
58277 42187 64078 12636 11977 36892 64534 51960 21673 612 11745 45952 48564 35903 63635 29287 29132 61409 59882 47919 48161 33273 15617 20257 1590 50665 28477 5680 53704 16093 2506 42644 51320 59312 47026 51990 60971 11274 39424 48343 52401 54349 64553 26849 36077 38988 22787 4685 54613 54238 40158 218 60419 46646 43024 9785 62925 45232 58627 49127 49488 2216 38676 15311 5364 63857 44705 15579 10032 8359 
26142 17409 16742 19937 3651 39002 26108 59879 48121 27001 13667 33471 23862 32424 45740 21414 58927 29878 35929 19966 53344 27184 34652 13164 31181 5186 65488 37684 22171 57708 45355 8722 52409 48879 22879 62384 62279 24603 45560 48632 12397 56054 26939 36163 32775 51486 41921 51341 33272 51597 37994 1303 6942 596 63674 63707 37510 22884 16892 48024 21846 62261 28646 27025 17215 52533 61532 24411 14207 55440 
8700 22880 42301 45124 39275 43324 61586 59352 22580 21078 33928 29469 61912 32863 13351 22928 10844 2726 26036 46803 9926 60896 64641 30672 10017 61481 59825 8335 13758 1248 63966 49161 4448 62420 34201 30259 2742 50103 14795 23534 1453 3223 44894 51944 52756 20226 11833 60461 55739 46766 35496 2996 37109 40087 2803 11182 17564 0 25963 55575 39601 64370 14117 2181 51105 28726 60437 59305 19286 18380 
31941 26347 43967 46428 12755 17577 46732 38256 10172 65171 23848 16807 60083 50761 44432 35924 33167 60343 23082 15992 12166 22658 49981 54212 35815 55895 16672 12878 17743 25054 1708 7477 57713 46473 43519 51096 30498 49047 3597 9561 26035 33541 7087 53928 44522 21469 8888 15569 31230 16324 58971 64898 10103 38877 20598 53114 48359 23805 2002 14740 25643 27218 65156 35596 39293 40064 53805 56661 22301 12073 
12906 23996 20770 51176 59999 3760 36590 54638 8229 1526 11083 14714 15481 63261 35843 15145 9450 44478 21408 52993 30499 35978 22196 37764 49780 12412 15345 60216 32966 3073 2203 52022 57360 41874 61083 29104 20548 27600 24627 7634 39119 4199 47172 19754 56820 17876 41046 5141 35328 46103 10810 56922 9217 8567 18814 42716 36247 46861 45794 32486 23907 30566 54726 32288 17186 55393 22526 59354 229 52 
18586 11441 24148 7181 59383 41485 24494 17172 42222 38202 62315 21868 9303 51048 18072 28577 28334 25956 32785 56889 7269 44387 39354 45448 45483 9913 46174 61567 47469 65011 32644 36664 2534 47925 30222 61952 6581 3719 36826 61977 1745 59035 38136 37862 36610 20075 65389 64697 53824 37707 20828 56002 9391 7810 43352 62991 10605 27482 46021 3275 37145 20814 14554 39385 1525 21353 45681 49763 6005 35754 
61824 28920 24165 55636 56210 21746 16726 64817 62535 34122 50223 20877 1760 19905 62678 57123 23333 325 11373 52149 49336 29866 50919 31806 2278 46442 55869 17334 6888 65394 27362 62998 11953 32658 53748 25374 27630 38075 18852 60931 4738 8096 43621 52700 62669 54540 44005 9655 49789 13749 61585 10014 28829 36693 52434 3276 8390 52244 36802 36985 26432 58430 12456 60859 44864 34711 48197 64593 27278 59171 
2304 5813 8283 62706 31931 13484 60144 63264 8929 3774 2124 29170 17674 61811 63979 59128 52358 11441 57464 40191 42766 16686 60055 44439 7465 57241 21162 59911 49103 18252 46098 48293 11251 28026 2810 27038 56358 17416 58138 54325 44533 9657 1369 38996 60220 32483 3557 8166 9440 17987 38875 57827 23213 15038 6027 15883 49857 50719 29573 36163 15892 65039 18352 34258 43863 40042 31735 46899 42041 5228 
228 33092 46651 35775 42455 34946 9514 12261 42120 55658 33228 37649 62498 54376 15413 21536 15179 190 7369 6983 42368 42636 10844 14212 35880 7875 34499 3000 64536 4929 51444 30054 15559 62917 673 7216 46295 29388 39213 44567 47935 13130 32430 48360 7970 45843 14219 60501 40605 52706 62247 18784 44239 34609 26238 27474 546 25536 56734 64406 61649 58582 55074 40111 45894 5886 21669 20076 7307 18289 
2790 42183 20832 36313 10543 11199 14361 16989 57793 34043 18847 15221 64599 40888 24446 39916 39406 30573 18746 6733 36533 35946 22179 54794 44500 52588 63230 38327 37570 3128 7322 23717 59608 41430 55640 42108 561 11996 65454 37176 24555 42230 26501 19006 28701 60552 65180 17215 7487 6535 41274 24228 61162 64575 37478 39963 60444 18746 31678 19945 59888 30867 33694 53248 41193 38772 42892 58766 33689 34063 
28484 2129 25147 44802 58628 51669 14172 46976 65084 23511 28937 57672 59747 44811 43171 33532 21828 29512 56536 38265 7989 37073 41399 4491 53203 16152 24749 22897 59190 46861 15511 42945 50518 18779 15699 25611 15906 45849 15663 32717 12806 19934 57158 56515 45003 22102 52697 32318 6432 13662 42605 45819 36422 50281 10936 55415 797 61297 52644 43232 24581 27090 64846 49422 44969 27874 36822 15014 34290 59794 
17222 3433 59487 10439 51472 13171 53470 22260 34134 58524 3695 35606 29020 48226 50380 43002 26621 20086 45630 1632 18660 42084 55065 59376 4955 37232 7690 49168 57923 34486 8806 44833 58387 56000 29908 4512 6900 55164 45405 20093 35832 59011 64628 14697 8966 34246 61135 53201 12927 26933 35762 25868 12506 39091 64500 42735 50974 12783 13319 41545 11128 40058 23799 60714 5853 14025 53557 18741 55390 58438 
51481 23615 6312 21450 63879 41917 7715 16198 44163 2704 33488 26095 56624 22036 37132 35297 50576 59998 29775 10984 13372 37589 3804 52602 65165 32447 6501 54627 37842 44067 26066 32517 7206 2458 42891 65100 807 11816 25405 52579 54189 58152 12497 58279 58370 59779 50640 30006 53739 29291 45907 21822 473 51327 32521 50913 57861 16329 25236 55163 45883 36971 10630 23297 33906 29927 15908 60993 19852 42260 
19618 8012 5630 16767 33413 48936 55800 44748 21813 65263 55099 4461 15868 21853 46702 22558 26214 12729 54911 62710 35890 36550 946 27048 18272 12942 56429 13307 17322 42483 33737 64810 30076 26259 41499 42240 4007 38007 29017 27712 26294 55125 58059 23949 38056 8334 402 672 19611 49929 50364 7427 39888 59325 44953 50659 62156 22899 43144 64525 47745 21921 14932 13089 49524 30118 24116 23187 17444 1838 
38478 2573 27209 24242 6784 20481 30554 37140 64995 14494 47712 17799 16621 4761 57963 30927 59097 468 58972 25588 47941 54750 22936 58446 11048 5843 52016 65052 64630 37167 10878 22427 36058 25210 47605 29714 31333 42969 45283 11129 43283 49555 40616 32865 53349 31231 7054 3131 11017 7070 13604 23096 55713 33671 36409 26255 61773 43920 59345 11027 15745 45850 30381 375 11787 34485 44230 4793 58112 4331 
17728 43142 40860 50819 32776 16292 38570 5785 45588 44814 13606 17231 5810 26707 60488 27371 61624 26646 26505 6082 8241 42267 18981 50226 54214 56409 43269 60121 30128 47465 52331 37761 14278 19832 10801 34529 48288 317 59313 768 14513 50276 65282 41325 617 54955 32554 35832 26051 22080 16042 55895 2334 528 41221 44103 58474 47980 8168 22558 47023 61734 39157 60874 22158 36526 8492 36994 17562 6938 
38819 48981 14348 24441 55194 31301 58977 50723 59529 32272 63480 54351 30147 17263 63333 40957 9706 2838 55828 46570 8743 16632 39835 34784 47881 49980 4782 52262 64606 17103 28191 33483 16928 61952 63601 52707 55323 8993 5623 63451 45297 33794 21156 19473 24510 17093 29101 25064 21362 53250 64467 26235 44225 18341 13470 37817 64152 43311 26596 39998 33825 38272 42132 43420 19281 17385 6019 6931 13313 34558 
41528 20016 12915 59917 60576 25081 25935 26255 61154 489 35273 33112 61495 26002 65315 36056 1863 15916 53864 54289 44678 12233 11653 7609 42628 22171 25973 53658 29790 31204 9148 5340 57797 25790 31555 29493 28379 15774 14679 47303 31482 4136 59221 13851 6383 53044 46780 26544 14106 19631 1342 56358 25315 4217 29980 31765 55459 53381 28161 7084 46751 50076 52978 1502 63419 47209 4722 28947 44627 4496 
19149 4997 6628 58218 60074 3797 59895 3750 64958 48885 26385 62067 3053 61146 58642 56752 36368 21329 54592 12249 13777 24885 4385 55474 33887 1113 3846 25844 23122 54581 21561 28484 42011 35390 63824 14663 63686 20203 2647 6343 48965 31270 5100 59712 13033 44450 29018 26988 57212 36562 44481 2031 25237 45167 32375 64418 58966 3081 21731 26752 46014 3823 13066 14990 27653 60243 37241 49231 18972 24826 
14837 1617 53861 6798 1955 44821 39217 57465 13920 57026 58472 48173 48472 27120 60730 53256 10119 18299 59571 8501 58647 43959 36431 19076 42809 26390 62300 387 40895 47144 13919 46121 24202 22483 23981 14228 18770 49421 28541 40018 13528 41559 9899 55528 3919 21347 6466 41876 816 48906 29807 41890 55787 38244 28737 24606 13598 52558 42576 8755 14152 64333 32035 51286 39497 57649 32256 52347 59778 41299 
37781 65246 998 9340 29283 24534 48197 64053 64006 47548 18925 41736 8128 8152 53602 25350 49820 11690 11793 28857 39125 18976 11188 36483 1761 47625 58156 6331 52373 3119 63934 751 53530 33501 33472 40863 50214 28849 11797 5524 18292 34245 11440 11661 55060 38717 43249 36141 51911 31030 928 26909 661 47009 55555 26017 40148 19223 35302 49865 45664 12749 62516 54621 52996 3202 26474 39531 20334 39594 
8003 18664 60337 34203 3236 54930 41579 6743 51033 21914 15944 26881 55229 4018 21882 20381 43687 12500 11397 3055 65235 63535 60128 14302 570 18582 61334 58933 46341 61054 41027 32572 54945 57666 26239 15440 53171 1681 18181 27853 52201 35267 26364 33490 26080 9856 44908 20750 21964 35123 8066 8605 64003 43466 26271 35401 52219 60935 33796 20216 57897 61448 6964 6050 29542 11595 26202 33311 30488 41318 
17024 4159 16315 16755 28447 44452 1508 58078 57026 37401 39766 58642 3662 25102 37658 25373 12068 58390 29090 12959 46582 12809 32240 56563 3944 44764 11890 44143 64287 49702 4593 25555 39071 45045 28020 60162 49880 57156 12787 40316 11077 60441 57414 38519 42757 27038 32224 64012 5467 8384 35990 42553 10445 36919 16822 39963 31243 50866 8381 13750 46534 32954 27846 18981 9416 1265 30375 204 12456 64053 
48823 57177 7813 37652 820 1798 26655 60576 646 22279 41386 55468 1826 47046 27261 43561 18507 25079 12174 42516 48599 60349 13530 64220 3875 24239 44507 51487 4308 60616 13024 42118 8309 57853 64393 33478 13611 57175 18146 41317 11286 1747 14192 36590 20696 50070 4777 65253 28313 33569 26867 9091 29804 2083 56589 4435 43421 58132 59418 10577 60858 48299 21763 13185 40050 11712 48266 41859 21534 60484 
21807 14927 5567 57305 36710 14027 62994 32131 44807 3762 26535 20703 36278 21800 40969 4863 16132 62468 27314 21148 56584 30521 31967 7727 42433 30560 26964 12697 48291 55518 51246 20965 14636 23542 6599 40439 14330 51689 2540 57536 5370 48405 8288 30041 30064 14768 14870 17617 53630 5921 20313 57876 51784 15405 37910 33762 29966 10079 12198 29298 60145 58037 14263 38985 51277 62587 25730 40699 33421 767 
63510 49075 51160 658 33740 40086 8486 37828 42706 25107 56184 34502 11549 28357 234 50765 63653 26148 27924 47100 56763 24477 54238 22463 8046 59855 4192 15073 38487 60712 7018 36929 14710 54412 24348 38762 57627 15288 60008 12201 19785 1213 35343 39719 59716 47016 15300 6333 15951 7109 31187 55874 43575 4072 43378 40567 22794 21605 58067 896 30683 53446 785 10458 54989 57035 63440 43919 53000 13991 
64264 28469 30803 14124 45862 10045 62932 56993 57735 14918 19483 2293 53791 58867 28667 6561 61881 48918 19569 50482 12527 10905 58483 8106 4278 32334 29442 41149 15303 58953 41802 5830 35010 65295 52255 54475 45233 9171 2207 23326 40301 30247 24752 21906 40340 18490 15302 54754 13532 39356 39219 65035 28140 57096 25947 36833 5010 4920 7404 4282 42150 64351 47092 42229 42546 60876 44344 35145 3509 37297 
41591 30169 10139 10828 61916 65288 37882 30446 52136 14527 23188 45376 4707 8946 41691 37673 54837 64348 37395 16984 24751 6769 15303 16536 44355 31049 40931 4005 25875 53854 59194 19776 28297 47936 28230 33932 16120 50079 12382 33326 32143 58745 9729 53176 10165 37634 1950 52319 10463 30405 34103 26139 39503 16110 11762 43087 48275 51444 33511 28072 15044 47500 57581 47242 3466 41202 10913 22256 12487 36766 
22266 2620 50613 63010 27613 62265 25717 59652 12976 20270 53470 54011 63277 49263 49097 34479 34810 10832 25627 38476 33853 30362 13898 11796 301 43316 28003 52618 42522 35973 56839 31910 42015 46001 51049 55348 54147 13400 44653 29384 57263 33189 38956 45474 56616 42026 20828 8497 51144 64951 7904 56024 9401 64562 29085 33472 35575 40542 21396 24939 36392 60396 9830 54529 57856 32096 43171 62276 26472 41091 
24177 10833 10153 3212 6320 44026 29581 34397 42244 34850 11798 34789 23994 42006 27296 40488 26588 45689 37161 2755 11517 20657 20132 14974 12909 31405 51234 14141 32188 60158 8172 45421 20896 5966 8940 36002 55503 61556 46178 6940 60818 18260 39004 56208 23013 65140 20405 410 5064 33822 15098 34462 60948 15165 41477 35142 60451 17740 20268 39576 59244 8930 18670 55415 15718 37739 27990 35882 37148 64992 
7616 49850 22465 36452 10467 20478 49673 18289 38750 26542 31869 19748 5411 17725 41141 55649 51781 51290 42018 51444 32698 56661 35795 19644 17582 63477 44932 43775 7784 27366 13146 32148 57443 8102 40108 20875 396 24106 21414 45201 24401 22911 60833 54140 62651 52007 33450 9653 36521 59283 11765 18364 26622 48353 20685 21496 5626 48883 45558 4004 53457 52935 9095 46730 14807 56710 55100 38733 52009 64223 
49570 52244 64591 56119 7542 21751 50599 16835 6202 39776 38507 47581 40489 44257 42330 34120 63128 16024 56419 41261 1194 59424 6627 45953 8753 33839 51143 9795 36664 53058 31461 39822 42470 25701 62453 31778 64439 49905 36391 18361 50515 26869 2549 62219 25181 52671 5848 20160 17267 16136 47288 12296 8046 51722 26988 24045 56748 48090 22043 32975 28980 38331 47068 17611 38817 12984 16127 1225 21945 3074 
57495 60901 12498 42468 22693 16229 30018 20966 47517 10349 6789 41368 48613 47089 30004 53956 11747 5134 27241 58786 57510 36072 64040 33542 30079 1284 1689 59785 19709 55326 25966 6141 27532 61958 58878 39171 64688 7309 1209 43678 19208 2622 22078 5664 38210 25964 39201 36354 43381 55970 22449 22040 39313 19258 4666 6275 42362 44771 5769 40691 45890 42620 33225 20752 46216 47793 40792 24731 33648 55091 
41389 62188 4728 17119 26323 54477 58929 26233 45000 37688 58172 28810 24244 47997 31994 30670 33384 26062 3209 48610 35455 36211 3576 55467 43894 8721 47565 4423 25536 64165 24438 65377 56621 30398 3548 23828 51023 2316 56947 37641 19866 6301 18358 8169 63145 35889 36098 14333 61634 21479 58204 38650 39810 32756 33213 991 51223 54975 18017 47940 4408 37674 54023 2154 31203 49768 3404 2028 63848 8900 
39645 19068 17184 29378 6117 50827 30075 51031 9437 3148 11283 64512 10262 57902 35788 40099 11158 35230 2139 63543 10854 18781 6264 59491 57463 56341 50019 17898 56322 3319 11531 36472 37050 51031 5238 47446 32337 57021 4968 54302 48080 106 34889 27309 28269 52251 8511 62490 29354 19215 31488 50685 1816 36890 27611 3680 5228 42720 21791 257 35122 24325 10160 23659 3730 8570 43999 33508 35890 52601 
30519 8121 60068 10328 55335 847 63094 3019 46453 47232 4017 19865 49522 28297 58236 17842 6107 58966 11269 16962 14344 25989 42983 19621 55688 8547 57121 42186 16250 60984 20309 32169 39253 27056 29357 51590 61829 55605 41053 63176 11008 25374 34599 43701 6972 59799 52439 53699 52031 11143 59238 59555 9241 29271 59314 15963 33098 7380 43363 53011 24694 12081 8171 37754 15464 10520 46094 64698 54163 40094 
55345 52728 31860 25069 45654 60022 59820 16410 6812 62658 37525 31443 12181 7884 59038 48750 38500 6219 30515 14511 43833 15447 15566 40573 20486 44655 45338 10559 41167 58328 886 17981 11948 44211 55488 53098 2184 6367 34866 40129 19100 47828 29810 56421 11295 40110 25219 51567 16755 14096 23429 40494 4667 43364 28266 29350 37205 46268 4493 6920 20831 27969 39586 17682 44243 63049 33436 27750 19333 12101 
23535 29429 53093 62219 47314 7839 50633 48660 49809 15489 32585 30653 51010 38589 63981 52406 26605 17184 26460 6212 17470 10848 49860 27251 60314 62650 55743 27849 20635 46024 51592 41061 49193 26823 6577 18355 47087 26616 23175 8 31072 45317 24891 62496 8532 64607 10342 7249 32843 4116 1572 63468 51675 14534 12880 27268 11665 65231 14680 16547 39639 17801 55751 43980 59123 62479 5031 43818 19424 485 
7359 10720 34803 55581 7070 7161 22210 31154 50013 35484 57694 38760 27303 53896 9859 13495 16598 36243 34630 35350 32880 22873 1937 1980 63625 30016 4356 52972 20283 12850 30177 47361 50560 32642 44356 61354 44967 1255 7182 33319 40700 61054 1040 11180 24287 51466 50376 35705 51360 55055 5267 41881 4029 31602 46372 16483 62721 1057 60493 19549 36269 8173 38771 56510 46689 54777 31368 36654 8723 46609 
2107 11095 9559 63054 24391 23760 22546 16233 10276 20378 53238 43386 40741 54467 17226 39023 33098 18625 62272 47173 33210 16251 37331 51539 39692 39038 16000 46464 31393 40670 5401 2416 64276 15620 37185 16603 2654 60617 65339 22058 53001 1354 12448 60206 17678 26925 49498 61578 50384 43715 8919 26893 27637 51560 3058 1399 3642 59524 50572 59932 23999 25794 50664 56200 33499 57545 29161 53992 40877 18702 
48098 34459 22855 2295 17107 10606 18013 49068 58236 38653 8575 3082 49566 28999 31555 3307 2267 322 679 33014 64844 58892 14484 20463 16620 33384 24244 62932 28005 33181 8560 8141 8720 35951 11080 27185 47050 27711 62966 3183 41755 39246 7498 8737 63037 29527 12872 16889 46132 30991 56270 2066 13181 33782 12415 24662 7998 54634 35014 51000 39755 38576 52660 8683 42770 24934 32314 5752 56777 56107 
10965 57827 13605 34459 44762 15598 34915 6072 44104 55296 54429 54843 41694 1166 34595 36592 6970 64523 10273 3658 53370 8480 7895 44788 29307 7802 49243 39407 57706 58337 32311 6789 58277 59857 39222 58050 17236 49805 15547 11595 63607 63055 16507 7180 11964 35442 29375 18022 48007 25131 10323 48750 18639 52691 62078 13505 18148 41927 47950 43333 49090 38655 55471 35046 3484 59636 12286 41368 10335 65112 
27274 1490 24105 14541 26989 898 5578 23473 30694 33455 53160 47987 4871 30835 52342 22083 43492 59502 1454 8581 846 38987 49033 1937 55443 48370 62949 42977 54640 17490 38688 55527 63146 18706 58002 27508 36767 65273 63420 34455 37067 30859 48111 36764 16578 13127 28291 6375 52612 24966 52369 38391 53434 43864 39802 39111 30074 45814 12735 49865 5761 19044 575 59954 50501 32730 6323 60935 43713 45540 
52048 29313 23550 29235 26635 63 11021 913 44526 64784 14716 1291 37563 15261 35954 33719 14381 39052 7089 8680 16317 584 27850 38935 62366 36333 4625 32586 34314 57928 43112 27199 23608 29888 3468 64421 47312 47123 968 16468 58705 9344 24889 39982 24241 63936 58486 59311 26316 47256 62233 49569 45611 53636 51679 44377 57369 42643 30116 10390 49464 56176 34390 58972 8079 24954 21298 48786 40144 47953 
41455 5599 14980 50011 65332 33919 3655 26138 8974 33216 60267 21830 1622 17402 41967 2517 26614 51174 56359 21155 30514 39879 14097 6680 20056 40126 32531 30816 1501 10384 48038 61354 21019 50710 17106 2462 61404 16254 42823 33038 62831 12130 4048 63980 25628 49017 21731 17246 26292 54592 8751 25482 33860 14585 64671 8490 55251 26257 63566 64849 33530 31789 27630 32475 51456 31784 13050 64827 33468 58057 
61500 29034 21631 44979 14456 43320 27088 37712 58608 43105 26184 39200 1084 20609 52368 1620 14142 34011 20409 55435 57748 17316 42792 8482 59681 14857 60941 59563 27013 31042 27767 62177 63316 12146 44108 53054 35264 55620 59864 48385 50154 8802 51764 42048 17466 27087 40216 21606 54382 56185 35798 3738 48539 18047 57924 31340 64138 22565 42971 63609 6632 40134 48889 19309 29957 5153 53663 5745 2713 13997 
24688 37644 19943 8122 59288 57816 31355 47233 28619 52444 10966 58795 953 35759 22797 64305 29557 5240 31087 46878 19557 25224 6037 86 7928 27696 44592 17987 19959 49213 37966 24706 18859 51487 43309 9250 6452 48243 41396 47145 35324 2683 30260 59926 8881 27440 26049 48835 16557 29320 2080 57196 7509 21022 22697 32693 11937 6866 56047 26882 44860 46239 40933 50282 64325 51820 52637 9402 17848 43515 
70 70
48540 50832 1598 10202 1797 8064 41798 63745 13866 9941 40998 8305 4055 27490 21748 48441 55702 47025 25872 31951 48236 12578 60642 27218 65042 5205 22533 52229 46588 48878 32996 7553 65521 14926 46270 53526 21357 53468 11357 25435 52310 51368 44151 35896 52244 28004 51022 42866 24599 11328 39134 34303 65423 11419 37387 22108 1959 33469 46002 5777 23067 52415 3802 59560 22002 33735 4671 56091 24739 15803 
38829 20751 45851 21362 58049 59028 60921 24134 10116 27589 23511 27718 63828 32741 20248 19621 20919 34329 29057 27552 17295 37151 1415 11867 13909 43650 35246 67 24106 56569 15816 37896 51026 37969 62381 36118 21029 26820 3483 33976 12609 54813 17922 15857 22152 20848 17544 9167 65434 17582 47122 10884 61433 25060 10857 16773 5590 5785 60930 5 28532 55514 14062 49110 46282 10704 54856 30483 59294 50135 
49043 28081 7423 12610 55508 20364 33469 64580 9488 61491 49311 18102 28249 23849 38593 26622 9821 11198 23033 20061 36423 31509 50768 51887 13171 50490 54503 35578 51641 39223 2340 46799 55012 29405 16269 25514 24356 57049 22040 4308 25707 32158 57854 31890 61627 3122 5886 10592 42382 7871 23928 45807 24872 57872 15185 16588 51442 55567 50946 22183 27499 45469 9690 28748 30523 45187 4469 37199 62779 10718 
26179 53321 10516 55845 65273 42963 37798 60622 13422 34025 60453 32860 39135 28728 34058 48807 1216 6786 14408 7658 9587 41382 7982 29338 60302 65349 11503 54606 37196 21482 57244 419 41346 4656 4300 4364 62936 61273 16679 26786 22902 1130 59272 19508 7999 36650 45744 58168 44274 11772 9603 62461 61884 12385 17737 24473 234 9509 15804 24902 4472 23510 33085 6234 13431 60397 34143 30037 49985 43519 
16057 42826 28060 10261 15816 2131 31179 4968 41784 10551 29209 12713 62734 28308 19636 49370 8747 51984 13459 15135 31872 49564 42908 61779 199 8835 12206 27224 64298 56588 61823 54091 1546 41842 37248 44280 8708 1099 17305 5236 4136 46912 35619 25746 64133 52779 57220 65455 16337 8235 33204 57169 15288 27993 55610 50097 47301 10552 40074 51766 53097 33555 14808 38012 9701 19195 33228 19281 3561 15574 
14968 53382 31609 14117 34697 44818 39357 1505 46312 19774 20229 33382 49798 36438 34402 46994 52147 46103 33239 24367 60568 24659 16487 23018 146 53277 16226 8297 8251 53847 31211 26488 4610 36043 1741 40250 64060 31163 25538 12274 31438 46059 21139 48153 33555 6508 6235 17053 40053 48695 47970 38567 22782 61505 58376 8468 8259 6407 43348 58789 25490 10598 32758 42570 15211 49069 49138 44140 26295 54705 
48354 43414 52166 20476 38846 41346 13490 30525 14060 53524 33289 26918 59159 23277 45632 39054 10084 19528 1217 26693 53733 38864 54448 47936 11414 32245 7447 61595 64685 20988 31783 7696 11438 38582 1692 52720 2242 57113 29902 59664 9902 20484 20000 18419 35880 63931 33914 43994 33316 58009 16779 24898 5705 10177 55989 11388 30678 17705 48416 4291 9996 20887 8779 23728 16386 11568 61394 52187 52942 37171 
1133 43751 14896 16953 32044 16536 23932 20416 36769 9270 60345 20784 57306 57766 4264 22572 12426 37209 62243 25099 9872 5256 13523 979 4280 37911 31088 55292 595 2035 11389 10258 25394 51137 36094 50852 52336 14234 16245 50615 25463 19615 16149 13874 56895 21605 40516 26563 13794 22475 22865 30319 63900 9988 59767 35136 18057 10710 64123 50951 40493 58230 38883 15847 31422 37031 46113 63952 46368 59088 
3471 60294 17903 55734 30052 6437 48170 20482 18389 8660 9115 38562 47505 34171 45382 3402 56411 4845 3629 25269 36194 38691 30839 40346 29967 33504 29161 28775 43509 39469 25133 6673 41031 24787 6562 12806 16227 61585 45134 30759 19866 48648 5257 60158 9298 6586 11426 50440 24777 31582 59747 8560 30349 57505 41005 19513 21455 44362 14513 9943 7540 58242 29788 5889 52837 20370 16324 57488 33540 56621 
6650 4344 13224 54818 22155 51548 15755 48663 21865 34574 26487 56216 18338 23949 32089 60887 25633 1309 48402 1059 55353 34717 31327 51117 6860 62359 9563 10623 35671 14244 49607 40964 9291 48562 32865 62714 36694 28255 49740 55677 33991 24413 40004 5920 4073 12365 29759 63384 30067 31207 30497 20078 60282 4140 62170 35551 46782 8644 29465 31391 34728 21682 31549 38002 405 59012 32060 32557 61889 5756 
30979 23613 35736 33476 46822 33203 43087 14967 8880 5181 56643 40188 12213 49973 43907 1553 31502 21575 57425 1368 54383 54726 23921 41036 57127 42086 44875 5866 23948 118 46033 11669 26839 13702 22760 57439 49641 43543 50787 40827 65260 25077 34116 36152 21246 60383 37943 13743 39761 17974 42515 8593 56507 34647 5643 18601 27317 49968 9085 53962 56855 32076 55326 28508 7729 26536 56360 11329 21730 23554 
55916 32742 20298 13594 37758 59716 50830 58340 6539 4635 2259 64513 765 40415 56283 49870 40589 64360 34250 24736 14439 35550 45172 40353 49668 444 10624 45011 9727 33885 18323 47138 35295 54265 58382 10482 32381 7019 8851 63728 26825 44911 63593 48838 44276 8260 35407 55976 35825 9176 58170 35957 155 37032 24812 1990 33861 23550 5751 39704 24041 47090 37826 64615 16700 36787 27914 34350 50184 37076 
41072 61098 20431 41316 25966 10673 63448 43919 29758 43855 51255 55794 22315 41703 30455 16424 52309 15389 31100 33386 6654 41537 36286 40305 62919 46968 33731 62272 61834 63009 51682 32745 25885 45659 39304 48515 57568 50524 44436 28827 43918 24922 47485 2623 60097 5002 13995 19162 20346 31329 12794 40072 38824 33145 50354 59544 6696 40850 40589 32429 43571 15858 9643 31910 34306 24103 12011 51927 23699 3023 
15973 37255 15963 11314 56043 26167 15639 26108 11511 55271 55721 27382 12477 53031 33310 44695 53087 6416 28983 60066 61475 53569 62724 36861 6624 54516 40435 64542 30137 23553 42557 47195 19126 33622 5806 2065 48850 13324 4240 54737 11245 7675 60081 39057 58719 22593 65323 312 57864 1487 62087 65416 59187 25904 63389 8756 58823 60779 23113 12514 31374 52037 39360 50075 20748 29823 55115 62700 42907 46657 
38174 49858 6309 19294 13865 45719 1380 10865 19033 6893 46967 57080 883 19776 11777 19014 56311 15877 48438 26507 1443 42008 38910 43565 48278 32189 21639 719 12443 777 21392 8636 23128 9253 59684 2799 42451 63951 32144 8233 26903 44595 64157 5528 273 35284 26097 33834 2897 55256 13311 58173 37326 6052 33033 18821 54708 42942 43195 64393 54776 65135 12526 64562 10984 12469 46802 14522 61695 22528 
34859 23592 39230 11825 49468 60359 44825 54045 27855 7239 41819 63134 24815 41678 32694 50166 40020 26050 9220 30604 48558 31861 19849 19663 7907 21007 46611 7275 30726 26865 47624 65439 19718 35823 63828 22092 26319 9162 8788 28337 55728 885 2414 42694 57115 31026 15520 61312 56882 64177 32490 36489 9151 39442 8941 34635 51587 35937 43681 21607 17119 8928 18026 2342 36303 64546 21717 62067 15616 48807 
38216 23691 53427 12733 7187 1297 21437 56946 14929 48835 60272 54489 17810 47321 21457 57983 48499 18405 10230 2426 65479 41725 13948 60844 26888 14573 26453 38077 54547 12153 50454 4606 20739 4271 54150 48388 10421 9937 57712 53247 49389 40688 5812 54570 33091 5292 5788 51427 32910 57498 62397 10081 64927 31652 25264 10632 21649 19424 64550 22284 9645 50115 37476 41962 26170 26375 8738 30313 56475 65232 
15794 25321 61649 64904 53203 27232 49229 12747 47819 26020 23097 31484 23315 39964 58227 30459 49989 45928 34990 41229 1413 19970 14737 6276 21890 5473 19155 11286 33219 56725 25375 34396 11893 55930 60085 4004 34548 46604 56692 46306 19640 58034 23201 15730 55035 16795 28568 24702 443 21808 46719 56490 49787 65018 24903 53991 32032 17803 50274 46118 40453 54648 48568 43946 28911 44004 26030 25827 6982 51226 
5561 10893 20634 27292 62230 45147 5252 40632 48074 37296 19260 21545 50724 55573 7145 24055 15408 50300 63646 41415 19931 31952 55286 13467 26091 49274 993 25106 52655 43887 56406 6971 37355 42321 3792 30270 39227 48906 3734 1265 47601 9641 55823 34775 49891 37207 15533 47040 35914 22818 42025 63429 49774 44693 43636 17798 30963 8760 62186 64193 56662 21767 14507 59548 27096 24591 4382 19302 3747 42128 
44418 7550 21829 31096 59846 65021 82 57632 24523 65011 2938 55205 46551 61476 7430 32147 32459 61694 56007 7233 57008 35755 27971 6144 13960 38578 29687 24219 37218 61001 58228 30961 1773 13905 54374 42563 27856 37401 40633 42786 49165 5956 44075 24019 50334 60405 47097 2643 52951 41115 37686 22100 30924 55834 37510 60615 48912 34456 31210 43208 12424 59036 63908 42855 12691 27577 36577 50383 43642 7988 
8229 36756 4103 19056 64152 51322 34806 5025 40965 18966 780 38497 30684 39323 64026 24406 50379 63861 1304 24259 14110 10961 54868 16559 63867 18418 16532 36469 14725 56006 57568 19935 10503 31357 35643 11728 126 33134 38675 19757 19682 36118 29555 17894 17308 57496 23240 51751 30156 45551 7652 50017 14432 62774 1772 24579 55170 57668 2213 63470 18390 28861 1790 9838 32648 32210 47133 48079 34306 49138 
62312 57532 3342 5601 59690 25076 58966 54174 3477 27166 53867 10890 10531 31494 38751 15379 23277 21938 57039 32175 31075 63737 45653 19725 50853 19720 40732 9112 24044 30565 55703 32786 53320 40065 16728 30481 63956 6772 15522 27669 7853 40023 12464 34312 24207 33767 45286 27819 55742 12357 9053 54738 5985 51547 22472 22347 61070 13374 45970 44506 47028 19016 13754 59848 49184 10896 49508 174 61609 11465 
65402 48871 30646 3398 44397 15722 60641 52668 16038 12821 53650 57923 23815 27580 44283 38435 7321 39550 18480 49049 25317 23231 33974 29283 57343 49698 285 17545 34646 43989 18635 57544 38659 63924 8971 54481 46673 54712 22539 65123 60563 59804 25834 19412 56939 8338 14754 35994 31905 45017 16284 9629 46138 12532 17264 17487 61404 7603 23569 16647 24882 25010 25332 27514 29852 32577 40957 43558 41012 24700 
2674 5032 53943 20245 39652 26949 61877 38634 47429 13374 7607 57881 22623 4587 26458 56376 5939 27674 8509 6323 19275 47159 19697 37290 20870 13335 31081 11506 41584 51803 45381 31638 38517 45666 41696 29651 19727 11052 31531 41014 33472 15343 60029 52721 42942 38583 16096 8571 63998 36103 40692 35593 11492 34307 29453 29889 64134 61942 6545 29169 22579 6739 6902 27753 4013 45522 64075 39588 62225 53056 
18144 23531 62642 9833 3528 53139 41219 64784 9654 53485 25322 58372 49050 33894 40783 6346 38823 10133 49815 39581 58969 13916 21527 17237 40165 44848 38657 23814 4572 2375 13586 38746 38600 22803 3310 10687 24032 31395 37767 11205 53818 12349 28202 49110 28335 12594 60208 28794 34684 56151 48445 34737 25906 52502 49228 10535 54225 64449 59047 49667 33974 63767 48066 61918 13087 55209 53836 2938 25007 12345 
53612 46210 45764 59193 27612 61121 40050 24696 20841 39795 8075 29925 53880 10583 22768 22051 45808 53145 47850 65311 24591 5976 54712 21686 51750 43946 25414 56201 41198 27110 24176 9274 51887 30484 43687 44127 25619 1848 15239 24813 19479 61279 11558 58652 53193 51187 3852 16282 57345 24405 11490 38239 53100 51905 63621 4257 14405 62458 51944 13183 10265 51435 59296 4321 48947 21066 31722 32011 33856 22090 
29562 49505 26347 4394 36467 52357 16412 60850 40437 61277 28361 18750 10576 13834 3605 10837 62271 11598 41235 35837 33569 58898 60914 60153 53847 59664 7166 11220 63639 62175 60978 34875 2284 15259 62465 55685 8219 14944 37724 39413 65456 42708 46419 24830 13446 46230 28946 1065 62042 9213 1884 23933 48410 13701 48439 46633 21119 55446 12197 46524 36210 34531 42787 30851 51920 32728 39427 63908 30003 42899 
65187 61265 47802 22772 380 20107 30978 36211 24699 47522 41590 64888 5840 37782 9798 48749 39142 30220 30118 15871 56753 1553 25081 30425 39290 60863 27126 30826 57941 3273 18218 11653 30965 13232 29331 26046 65082 42744 65364 8871 20046 54464 64415 14603 22827 59023 4363 32870 47015 30875 9671 31358 18986 33845 16201 57933 46915 17883 1080 37078 50363 64953 35707 24518 12855 27996 46779 31743 2385 19044 
42769 54833 58303 4407 39667 17754 6515 13684 49460 59408 28060 19305 15687 9533 51101 36659 40018 52482 33137 26632 32839 31763 61559 16041 18114 42262 31782 55478 47079 5 28052 60978 62621 35320 39278 37491 40803 45936 49167 16773 6354 47920 55066 20069 37337 3718 56739 2387 47086 18511 34124 27410 59721 46218 4251 45098 56491 48742 65344 17095 23350 36998 19975 2842 11557 22353 11820 55072 57573 49358 
33210 6894 56402 4650 58911 27819 42560 31280 38666 64060 55476 30368 5105 7765 55659 58967 20507 47498 55961 2047 8359 526 29147 47918 393 52501 1783 57629 37239 4031 56982 50696 63323 23327 19271 37548 55241 13013 4345 21130 41837 60607 25430 50509 52559 24495 52002 55958 42314 38001 39124 23680 48089 47681 32089 57173 11372 52011 39409 33935 25989 4901 2550 62245 9073 40913 44725 11490 35751 14176 
62447 10694 58058 45085 34155 58363 6379 7064 58587 53793 38485 50321 28228 44952 55447 747 64942 60642 8611 23859 53676 37375 14414 3448 48213 9590 20875 38836 56187 47546 11845 32920 59735 3179 2682 45577 43724 50877 61855 67 46030 159 4033 50473 57248 40782 15241 14808 36193 12250 45025 29697 9707 15815 3827 50560 25540 51226 24179 24257 3111 19449 7670 27792 52245 17202 32334 54948 61937 48068 
21111 50085 18276 10689 6403 58347 34450 27866 46519 20447 30164 64963 19012 39004 59604 15641 54629 61830 35965 49824 41930 51882 54897 52964 4334 3572 45524 31461 57376 14413 26466 1087 30244 22928 4365 43042 49852 57139 43601 9557 52442 16898 16130 31430 53289 59414 10361 29778 57882 41278 59923 43006 48173 17917 13640 8637 40604 32976 8360 64704 44713 10333 53547 30143 27282 42605 24670 372 54685 33545 
45764 3336 2183 12031 35183 6656 4246 3899 57101 38151 39929 40516 35297 6371 59178 27236 16563 60238 1350 29289 17933 50894 52935 14436 23301 63347 2273 62293 13680 62016 43045 46728 54290 12819 48164 26637 12518 22740 1254 44418 24228 22249 15021 64071 22135 36023 18733 59252 58646 63127 48644 41835 36224 61080 36215 62033 16657 21409 37753 60380 14961 59532 48083 41181 59784 16931 63000 38518 57805 5631 
8490 23392 20875 56825 64747 52980 17001 47866 34689 40741 62283 6293 50902 27900 13338 6119 35661 46975 8778 49629 24398 22161 18514 40947 28002 16604 8288 18960 2172 36825 14857 37339 6921 41518 57044 23688 62685 57306 50340 3330 48870 37555 42831 50813 37840 60514 65047 37679 51097 22131 39273 58511 26132 52085 17463 23742 9813 57955 52277 32112 65335 11743 59408 5743 63084 22038 8158 7708 65295 45227 
49673 18019 64731 46595 53671 10517 40262 52781 6147 13568 20862 40517 50620 63311 42484 2066 46435 20572 30525 31566 14803 6595 64344 23664 52364 8651 7302 36711 31858 42767 11952 35428 64919 38482 57632 48569 46596 61965 49004 50360 57325 43522 42644 57015 49183 17773 13543 53987 43665 42835 31445 42662 15496 57911 59185 34796 36211 50066 27480 22285 10255 6727 27723 36726 22111 41615 39894 527 57832 54355 
35637 36920 36398 19631 62996 9471 16439 31514 11377 50016 16730 21509 44836 46478 14938 23078 58913 56888 15912 28118 52901 21088 53788 47967 55307 33117 58542 63125 11127 9439 13829 11106 26979 36981 13442 56264 37153 4612 64418 25034 19491 60690 47243 50340 36811 18900 26760 57846 32465 31094 28855 46715 33638 25878 38370 21174 43529 4823 9072 18070 49406 30987 1441 64369 52589 14278 51750 16381 46784 52373 
27637 11944 24341 30866 6394 13761 20371 894 2510 55719 29654 5471 65454 35721 64113 785 30570 31844 29496 22789 46110 26154 15762 22759 26775 7835 17404 6762 35160 64025 65041 59951 12003 19451 23433 11853 13254 4953 65055 47289 40655 17187 2896 9845 896 6257 7608 30478 26931 61110 26634 54371 45434 3369 21501 5711 40248 54679 46848 15664 7323 48147 22593 34543 63018 34352 37545 64005 16976 62397 
52497 35098 25472 4817 23231 54529 42402 45486 50229 48983 44612 6292 40987 34065 6600 30905 33500 20771 24710 220 46070 12959 26354 22396 7404 58760 23643 3101 4278 57057 2558 4439 22895 29494 50799 30010 18928 54269 35879 56331 16973 29763 49071 39710 4496 64227 53658 43112 28341 58622 36784 44937 530 35460 44800 14157 10274 36853 11249 47159 42259 22799 48981 41399 7445 25391 57582 34407 38464 28985 
30586 13966 21527 34669 61847 48522 62143 3415 6161 57375 13764 57836 22024 63922 31038 12680 4978 36948 11930 59281 22374 46811 48053 64570 29505 2284 8104 49079 21292 25080 9300 48419 64407 40783 25914 19042 11260 1734 50544 47991 57177 57782 44861 29874 23254 52948 27180 46833 55664 36853 56609 64330 56213 61647 1296 55734 28843 58220 23769 8785 11977 14041 32030 65209 17419 38200 26885 10826 37523 58783 
51041 31757 31425 22516 47000 36681 27499 32599 46061 16151 3262 6437 25810 47710 24201 36616 24403 24054 27279 45487 12336 2185 1819 33829 1520 45825 38796 34929 3990 62403 58061 37898 36321 7220 42987 6808 3804 29622 43777 53504 47896 50079 20520 20226 36576 52702 50576 46029 21480 19427 40421 54254 35229 49849 16256 58768 6075 19772 62784 51106 57091 62926 63336 63494 31134 18212 43620 50245 25272 26784 
6839 40145 63327 39511 34380 28865 63354 2531 4139 14899 17874 41293 40043 9272 60560 41307 56072 14778 10298 48904 13835 5077 38488 7271 8098 12365 55283 21932 14124 29569 1725 11012 21257 46125 14544 10697 41726 40032 23383 57307 3938 57455 57795 23475 45055 15532 58385 39042 52334 45661 49125 29721 6596 39994 51521 61462 35902 49145 1696 34544 60129 27996 11084 1548 21133 64761 38031 30038 33164 9071 
36262 9073 58378 34789 65302 41290 53874 47337 5252 62841 30558 31108 25478 47681 106 12256 61750 42996 14011 49131 16047 8137 28635 3807 38824 60272 63180 6900 21454 16228 45797 57929 49813 31068 47639 12066 39548 2535 10141 36534 7456 52812 57115 28222 48757 34594 7399 5494 62378 55501 51225 42632 22234 27884 51510 15805 30152 64066 62793 34765 5667 9496 30811 4742 51552 6599 62274 62478 28862 51348 
23708 8267 4698 10056 33550 47969 48645 52283 6920 41574 51733 30178 31868 1908 51947 10031 54873 63980 25097 61526 53322 32329 35889 50352 10566 35745 9027 45236 27508 36089 34865 24038 64420 18238 30984 17092 58188 55202 2962 5814 872 10292 41947 50794 37137 17838 1932 30668 64359 24797 63135 48578 25775 18792 12726 42266 629 23497 42551 46495 30102 20618 40674 32851 34657 3769 34003 22507 25055 22980 
369 51379 52268 43575 18095 43435 23332 14696 49804 37967 39661 51181 28547 2370 49451 25847 25060 50818 21030 41076 53392 21787 17493 9658 18495 20686 23826 748 14483 40440 28469 48218 12442 65323 62358 7062 59839 61402 65332 13558 53150 10912 40576 63813 14780 53458 39469 31243 4106 19847 6358 51143 55758 12458 52534 8311 60262 51588 30884 24826 23047 23378 48890 48891 20116 53924 30112 27135 21005 10353 
75 48151 37888 30103 18532 48901 2143 38559 61364 38493 25117 42418 877 10027 43612 29885 39045 38488 46703 14634 57985 41279 4742 45625 36217 16515 45464 51027 62951 2687 15899 19178 45072 806 60722 25938 13439 47764 15984 18752 46436 47999 28664 7169 29008 1571 42428 34317 12880 48203 50564 61238 10287 16649 5783 12936 5132 13047 28889 59876 30072 37269 16662 28928 41174 37609 20201 24669 11241 56759 
11183 3708 65094 50112 36972 20808 40364 8473 64128 21033 48997 432 26417 34150 884 54682 29532 28383 9610 57537 57412 48090 5351 23731 28429 43710 37870 15552 3709 36409 9539 16661 18410 2625 58004 9066 7435 16585 48184 16731 19544 22967 39048 56165 22685 47351 52593 5759 43521 33487 3010 20334 34174 23232 11699 27899 34869 23121 23849 51139 40788 13222 31430 33313 27365 45406 43818 40820 37124 29278 
38480 14531 42507 16195 51403 47354 34752 54501 14021 10062 23544 6225 55673 14283 45563 10548 35203 26321 62732 12995 44314 9718 55390 14176 20963 45262 14171 46333 32997 31569 38642 31532 1661 20483 34833 47456 28292 27141 55859 22021 20 55793 53235 18500 31671 33721 26652 13086 57570 27171 1512 40478 730 47950 43400 2339 6183 57613 29187 14578 60647 99 48016 50077 46754 1381 20803 12534 43942 12587 
64920 65228 7523 64985 2346 32032 62327 19221 45316 19322 15474 9265 62563 57812 16748 62776 19790 21699 54237 64024 35176 54042 62652 11238 11490 3432 51264 63242 34497 23724 60382 1842 17897 41950 44690 63183 5424 46297 59416 44973 22560 32335 61103 56579 20024 15774 35733 29506 41159 60229 46360 34644 44029 54324 7405 43280 16631 38254 40121 42263 44066 9479 10118 2357 44906 6055 54927 11978 56104 5795 
34529 27940 59155 63359 29956 28349 32587 22749 11277 28447 22158 16378 9665 44970 29124 63744 34305 49277 26806 61664 21650 65249 62305 31408 47570 64230 28822 15741 43430 38721 45941 5135 63077 42634 35977 15575 63239 46329 37751 2519 6521 23977 16286 8294 34895 1198 18409 30011 60746 40299 45872 23278 5626 38048 16273 63163 41780 58137 61324 52247 47912 45983 59779 16736 17568 20640 47373 41479 47991 30842 
54558 21523 50074 23334 15020 11009 63491 63718 1915 47188 6418 17387 46212 41255 7322 27395 35031 27148 63043 65432 60527 9924 2362 50682 23024 23761 34627 17698 34480 43970 65515 38147 54748 54579 50241 64783 65381 38180 17277 6485 55660 4208 5860 40055 15323 16606 24320 50312 54513 252 28295 18916 8670 30348 14886 712 1544 29762 26826 47744 22772 57452 53569 60624 16049 16229 60375 6949 26705 29456 
8594 46602 35089 17543 15110 38530 64103 19438 7139 29146 9867 1997 14985 8216 46243 17746 2306 64976 9641 33775 16736 62634 37216 1903 31063 2008 10889 45638 12951 2030 25991 48495 18589 157 64920 52981 40702 31423 1080 56737 64375 7538 62750 35604 41495 3823 57410 30248 34719 38693 64337 50223 10682 51885 49436 43906 36296 58004 39085 43676 170 16994 34283 2508 12111 37569 1805 50416 38366 24250 
14317 5005 54064 18588 25546 42657 44229 17762 41358 16442 61472 64383 10731 10229 20493 5827 37099 19888 8306 53241 35205 59570 24478 26874 32066 53771 31791 25744 36345 26083 4916 26113 42743 2107 18942 19366 20174 2510 25196 44954 7165 19730 20271 15943 15912 47919 8401 62844 54498 36657 54763 62052 3888 54054 28410 20812 1125 8996 20480 12477 1429 57221 3357 60974 53944 224 22584 52572 61302 55557 
9027 59752 51375 31549 28151 42712 38887 39411 23390 34564 1410 54969 31529 50466 17561 51473 51321 36741 48902 43481 46781 41098 55055 62377 49824 24708 658 9692 56147 59484 35110 34761 25574 58057 8721 20458 56659 10099 10994 59088 38346 46516 32401 5656 50831 31185 45025 41301 6377 14004 4288 5065 30483 41590 22105 36760 53402 33920 8413 43281 39181 14113 9341 23734 23701 30816 6665 23402 51047 13090 
34599 2532 2054 42733 10492 4175 29409 2808 8168 54468 64281 59859 55630 42559 17182 48758 39963 8710 22206 52485 6386 16836 9414 9009 46186 49451 17690 50343 61500 48926 17480 64927 17902 33925 59546 7270 12000 36192 43750 38996 43143 3797 1150 3081 15970 10261 18619 25358 17755 11093 14622 12161 42470 48036 28019 45086 44408 923 37487 42673 56012 21372 62588 45617 40477 26572 9538 16186 21551 7158 
20183 55196 35591 44614 60123 60999 9150 59695 63565 21009 30950 28071 20779 26962 42944 26364 20828 62183 6607 63961 63013 51794 10724 12830 20193 47260 15885 26096 54053 13458 21642 29053 55846 33353 1426 63647 25667 5531 30322 45144 52200 36123 36664 39213 49742 56643 26957 48319 45861 14184 47915 46191 62201 44437 4547 11967 50914 59297 44774 47224 20110 34828 58492 64335 33748 20569 25280 24173 52947 48933 
27119 48707 43455 34541 9907 51673 54561 11550 38577 20798 23333 22916 42593 5023 50163 21963 49321 24245 47603 49934 9479 21992 57038 46021 43892 36869 42652 50303 41339 49713 43746 37713 11275 54773 55208 50853 9707 63192 40852 31289 44962 20897 62407 41787 60990 64177 32105 1197 32777 36723 29605 21601 29350 40522 62936 23874 8897 64440 50436 43979 1119 19555 13439 11070 11186 3129 4298 14569 43989 38314 
61367 18215 41423 10497 57810 6678 31561 26618 46986 25680 19946 33428 53541 57892 37553 7847 27322 38112 43181 29533 37551 28848 62444 48577 27619 36531 37531 6273 52421 57530 29299 57822 25903 59831 13472 39003 60039 54600 57783 35306 46362 1896 10724 43894 6799 22047 35730 27184 44732 65182 45307 43692 40966 31221 4861 53079 7292 4045 63145 15626 18293 40506 52007 50121 23633 23872 22882 43214 34784 31525 
9891 25332 8508 35201 11782 10525 22965 18562 53186 40640 52916 14688 1004 8574 1266 9897 59167 28342 64608 8256 48834 40929 4277 15701 62639 3210 55318 60281 10265 26575 43418 22689 6166 39189 49038 16092 691 38601 50977 62431 45107 32564 18004 25676 30629 39801 23187 45561 47986 34592 1125 63825 42170 6785 25656 10156 3786 40117 4493 50060 52508 43634 21280 39514 42874 35218 59255 45816 4862 63501 
56281 35747 50841 16323 10586 24921 25173 7718 26679 50183 55803 48017 53373 19876 15362 23219 25963 639 3758 1068 17810 11903 29009 23900 1318 59705 28412 41107 4947 8950 13290 26417 25599 50522 44019 43702 12044 39276 9690 31205 6187 2593 2025 50849 39149 27282 26432 26156 15219 15853 62733 55531 49624 50294 26911 4787 41338 2162 51081 50335 47275 11597 244 60203 48897 9166 4539 55336 28433 47941 
56058 22907 60109 9687 12545 4813 6568 2455 54164 22276 7642 18084 30605 808 47978 48847 35942 4824 31288 10634 8998 38117 31857 22378 37695 58011 10562 57519 18443 34669 41542 39386 24200 42464 58722 33786 3009 17750 46940 55352 19248 64438 58387 5441 49213 12181 58091 37168 30242 6708 1658 25613 46861 39533 17957 47366 11642 1479 37153 15788 47030 46050 14001 56341 31778 2136 38007 38103 5578 47599 
41451 60740 10161 57586 3603 2609 35808 24683 806 28517 13002 485 58403 4807 50690 21980 16299 14162 13867 8238 14051 2568 59508 34133 42740 27363 27768 41217 902 19081 32894 12661 58246 10117 33035 24048 29203 31411 53867 17954 62659 21279 7630 45526 42984 60124 40133 59535 34072 39420 22471 48659 24548 9314 14542 43952 7050 36556 62191 23213 15618 49981 25051 23058 48096 60695 60411 56706 58352 32304 
27753 19024 10415 49484 6592 46709 24962 12426 9598 43601 32427 62725 17043 46727 54381 17218 24215 51402 26288 41700 42511 55090 54027 51951 37465 55783 3240 31659 41332 30143 26345 46776 18068 19654 2456 11700 18691 46904 3235 5271 63335 45057 48491 21323 24031 54465 33292 35401 2811 30181 50874 50234 43136 11212 64922 21536 12002 63761 12238 19244 5479 21109 43878 24596 46030 51956 31122 35397 2721 55095 
63093 64828 12153 4516 17067 60660 31934 61318 7208 56966 9619 19070 14505 49464 35541 19333 50119 42657 16143 21127 5397 55757 32484 47608 6381 27394 16888 56741 35396 48619 14157 38499 21042 61012 62793 4860 32854 39986 46620 39495 61096 3465 47818 43842 35340 23079 29342 48238 11662 22033 60318 11574 21974 27440 8082 56059 2753 16090 54195 2714 21322 7961 21836 35512 34379 42418 18903 56798 40016 43936 
20102 51740 28448 7891 62227 41106 36400 3141 39732 26199 30663 37736 57074 24907 47701 14117 37767 25123 2617 17786 43620 17322 42424 7185 59117 25195 36466 8274 26395 59560 36489 10828 8463 9399 3429 10389 20541 61534 48174 14050 36568 463 36642 35503 41919 6061 37669 21592 52840 57213 58176 37784 29777 10611 36966 54171 63908 15496 63372 32515 14991 52627 55466 33257 39674 33504 27000 45495 39535 3656 
15233 18963 46926 48619 19923 18981 54174 22039 14755 21339 14694 21207 60596 32935 57273 45560 28883 20575 33446 55035 19256 22749 14552 51999 34549 18200 62646 25402 40574 26765 29393 39282 5776 3014 63516 27056 994 25131 29058 44854 19397 47314 36926 8677 65518 44276 42231 22116 12343 21694 17645 27560 33020 34186 64286 60149 11024 34655 49108 59915 13239 12929 56677 37942 60177 13808 42851 30925 28523 6877 
13081 45422 43417 6519 57874 10543 39553 61049 58519 34179 27556 65446 23819 15206 30411 14080 23573 2061 8508 28444 9479 6424 62460 14191 35393 43067 30821 2284 8277 41447 39573 16645 49494 64600 27287 58848 960 20264 1674 53328 17290 34480 8301 37216 54254 55266 3118 25901 25082 45078 52474 23600 38128 51319 12784 11334 4434 12649 17043 29313 62992 34053 25419 53187 19384 37335 5585 59757 39264 17979 
19115 16586 9592 36285 13565 32396 19107 11596 60868 29492 31978 21039 62226 15740 60801 22466 63033 37931 2752 33724 8743 27338 1498 6841 38183 11546 37624 42188 47847 4733 26111 57493 716 30697 38569 19785 65006 9627 20522 63334 52801 63330 41930 59203 32374 1818 25600 16558 23664 29784 46141 44009 31156 46579 4568 44848 53722 16722 17089 54358 8790 42414 49951 60706 40692 4776 8987 1373 36886 26287 
26794 33288 48242 45097 60401 49260 24559 38046 19574 17054 58171 16029 5080 41766 65355 17886 8117 41594 35649 56155 55074 34170 481 23072 39896 14787 61956 34154 48218 43468 12902 9116 46992 11842 6330 47620 42341 9966 22934 62879 7628 29826 42946 5549 8829 8130 44835 42750 2421 43398 57054 4619 41737 11147 47623 61966 20620 59300 24701 23658 48331 55261 49035 53922 21532 60207 57267 46910 13876 32603 
1011 51215 55291 19661 44293 47987 9573 54718 4652 44529 9353 39234 38491 34552 13130 48332 30654 35773 13455 34865 33219 19300 55029 35864 51587 20329 54058 62025 14636 13845 32662 41909 30653 18189 2045 36320 4835 12520 64102 54009 63242 45559 2829 13242 7554 45233 23729 37996 33752 32954 43704 5526 59358 42867 896 42542 40142 50367 64614 60437 25160 46849 61740 37735 9959 219 8891 36666 23792 60638 
45337 23291 60210 62914 6195 384 32414 14709 1007 58576 57598 64629 64540 3667 49756 47485 36413 49500 13362 24839 39158 50913 6921 34656 52530 18894 20955 45546 53746 42756 47982 1987 29946 49947 32830 62866 34474 12489 48329 49324 9305 14380 20670 50220 43603 46847 52146 44909 34786 59866 38570 8533 39904 48905 2632 58021 35376 42198 1256 64928 54322 5373 29538 57490 14066 869 43480 60146 30425 40546 
