50 50
64397 23124 44193 59913 50577 12620 46870 27049 65345 56526 59972 44434 61377 45360 36249 38864 56678 26223 32644 10418 35607 25999 57270 45487 7123 50627 51158 65278 13402 24019 55079 19227 59336 16020 515 44129 49477 53063 57640 32754 3955 787 47370 36576 45631 44889 57943 15860 44030 12651 
58319 15132 61373 17935 35674 52705 2999 29207 54021 45606 60844 3755 23539 39459 51495 46580 43355 21002 64372 27135 24091 8605 2261 11923 38060 24863 16953 21084 48233 42527 47117 12935 19747 64130 7339 53095 40033 58520 33976 33041 62437 39869 20986 54348 55960 37875 54910 62479 19212 27705 
21266 57981 11428 38058 55872 51906 63467 1093 21657 22600 21244 49623 45750 19739 42103 25977 62709 59133 3851 54007 37218 46961 1080 54066 37959 34819 6069 4285 65473 51245 5934 39874 30108 11709 65126 28147 40557 6421 57627 64375 6081 23718 52565 63970 52028 29006 61366 61070 36815 59898 
7424 7677 32081 24083 9049 54223 56581 27281 40408 30576 9858 19327 62927 31627 22105 5076 48498 11974 26852 39216 58981 51032 40308 28101 38492 42081 52724 54039 10734 18787 46119 62368 36617 44125 44865 33836 45708 22800 32110 35660 44043 53417 8079 15811 62051 51653 58462 6180 57292 27477 
2574 9395 15110 3226 17561 52286 51093 27300 16553 12449 12174 55703 47052 34643 46653 9894 57898 31974 51485 54692 8552 65115 16075 53281 4455 45696 64297 21729 32212 19085 52957 62557 48269 52792 64197 37729 17856 1322 64188 1023 54797 19736 17047 33835 32302 62589 16364 65043 23070 33316 
28713 28944 42818 14964 19333 44578 62706 62153 40244 63477 17838 26734 54605 33300 13005 33871 6589 22751 27546 25343 53702 55474 3164 65091 17009 50419 58027 3513 37859 59235 37893 27047 24850 28355 21978 33739 58083 61017 10234 39121 58069 62090 35622 32120 36881 58809 53390 53721 4583 65100 
4702 36705 56981 58498 27223 28922 56087 4780 25544 34118 62720 6127 47712 63278 10853 13320 30609 12806 16677 23734 37851 63657 12597 54576 39802 35030 50550 22024 35471 19486 17072 61880 17297 4200 14918 12338 15056 15636 13361 259 27834 24613 10911 45576 867 27171 32333 84 32666 18068 
32220 34818 40866 9393 55130 41854 44942 30277 47568 36700 9844 838 21850 26272 5208 36565 9211 19168 56301 38769 38214 63323 16019 7937 38382 46487 42972 24868 48249 53803 29944 25349 30679 23698 7542 1803 12019 63376 27656 26091 50415 48729 54368 27139 59201 25002 40239 62765 29332 26827 
17859 17095 28221 57917 20714 56380 25515 33445 47634 51429 10455 64908 61247 56076 17529 61918 45998 65267 28414 64561 10585 54721 29442 50447 17679 52839 47236 13292 48813 2454 21200 36195 12315 10346 28039 24321 64776 9188 36137 40222 30440 16415 14200 55087 33541 63821 56378 56404 4871 43886 
10585 5998 16178 38507 9285 40596 40718 51865 21184 52396 33422 43930 19626 27422 36012 57407 8444 56422 13055 11401 42586 62066 43474 7151 24276 53847 44693 16426 1504 23280 49621 18578 13020 17151 38858 48415 15014 33677 27805 57610 34839 44243 12627 12779 38982 51647 51210 15596 14154 24769 
61299 3384 52594 3730 12353 1408 41726 61189 40785 2948 44492 37298 59285 28861 20105 60915 61280 26646 35825 63202 26182 29836 44726 56726 33922 34206 48734 43046 58862 50387 60002 29299 44531 38549 20787 62999 35289 49341 52789 34454 34670 34054 9092 60352 17936 15849 25435 2613 35559 19250 
11841 37779 44013 61610 62116 52442 33653 49118 32525 45164 23603 62863 40626 53468 41102 1459 23896 34538 60823 33640 61140 23117 41507 6467 50634 58957 47108 57739 56225 32848 52854 19199 8010 13588 18813 60700 2239 43675 24981 52242 36237 18781 36412 40008 56656 58892 41629 55188 756 52937 
50470 33987 847 30920 62268 35907 63290 50778 137 61267 32572 35231 1643 58304 28124 21969 28271 232 2546 54946 48778 32247 14470 15162 42740 5864 65517 18441 442 4023 56915 41625 16412 48768 7473 18236 63496 37248 2437 27037 63304 54954 8460 64909 19069 37469 29389 30099 55416 64760 
51510 53606 2408 61900 12193 50023 56302 7711 47300 8129 10482 11283 59157 20137 54714 46392 36823 24623 59780 44077 44389 16400 2469 34382 31196 50603 22574 16014 37733 65233 55513 2064 15015 496 47676 15698 7601 61685 56209 59839 7507 63548 41257 46277 50178 40366 26528 1420 3582 50803 
46489 12252 33063 64160 38933 45607 37834 10986 57646 27010 37702 16907 44271 40237 20243 33576 26470 55286 54229 17735 46838 8532 41425 32692 11246 10287 61543 47642 45522 22596 47848 1426 36464 2781 45087 52784 18322 45526 15299 27747 6849 9957 65229 43135 14406 45446 56367 5502 38049 52453 
28799 43990 35482 41332 36663 11790 41578 46369 13810 20951 24164 24935 47734 42291 38720 37848 3374 49104 40283 24101 28444 54923 57638 45758 59725 34128 2035 33350 23965 4480 39314 64669 58632 16008 7603 44790 10464 40534 4397 8478 21929 16941 36134 8197 60396 57250 55007 11326 39085 15946 
1907 17200 29377 14937 12954 32362 486 58848 34058 31184 14187 63093 13746 51761 36218 33984 62908 50497 43382 60525 23314 25683 11118 60420 20505 8558 48967 38351 14999 50009 26748 23806 4105 50871 8666 38287 7675 55780 17430 63969 11197 7091 13107 57342 4483 13787 60272 55352 46361 46328 
21011 21471 17514 47479 62379 7343 52904 2670 59877 28581 36292 30055 14425 29870 60559 50277 29742 44721 17927 16664 7041 22812 38441 60420 19958 31606 297 21743 15998 9973 62275 27056 927 8201 32907 33626 48872 34358 16384 54560 52708 27057 16757 2192 34877 43776 6881 58098 11539 26663 
25629 18858 51191 30743 16923 38382 40399 57100 48703 24375 5923 49660 7912 20612 42986 63897 42029 12044 4900 29724 62556 25918 2473 29039 11240 3684 56029 29967 30031 17857 32319 10560 33439 36498 65393 60163 3257 34296 38028 56907 51213 895 48400 40112 15906 20377 8653 57038 53543 14895 
28687 50277 30068 37674 16836 51829 24101 44219 18051 19861 11230 16646 5641 61975 36149 47048 20857 31244 50826 53485 32428 4639 26967 63495 2118 13439 58059 33231 38234 57348 41005 8148 5113 47251 42776 58065 9443 662 46027 15892 16441 61494 59416 7129 58860 40963 37802 30655 22968 33319 
47570 9877 23017 27887 9160 51654 7574 34566 11265 33570 40638 38918 58108 55820 16407 15749 49453 55455 36165 10443 61586 5391 44173 5080 16117 60028 47647 4124 37448 55760 18012 52297 31600 8864 60024 47555 15868 59699 27368 49943 37893 34705 12310 60224 33237 38077 56422 53179 1520 24717 
15814 52082 59683 26187 45489 65000 55030 37851 7462 51562 17452 26414 48943 30825 10565 46471 62279 58062 13727 12405 29308 11528 46039 20607 16383 28665 30738 42173 3601 64608 63005 40545 13024 50638 51785 20433 9377 34360 15804 43381 61602 486 61590 40949 50123 13821 20028 41805 21902 59804 
24415 23709 46662 23672 47501 29118 8028 4835 6729 3738 20269 38908 6391 7814 42085 36445 16784 34756 52687 60377 59945 12684 53565 6521 63304 51610 27819 58335 40160 62504 2696 17673 28031 17390 45321 49835 36192 42168 14504 18979 58949 30310 30035 55443 23723 21368 20288 45899 25934 63501 
9986 45450 44785 4863 5236 6025 28895 19881 59446 63590 62199 44053 58464 65270 22170 24582 45501 12798 26578 18503 41503 30463 60864 63793 60133 6872 15733 8212 9805 27524 5647 64132 56602 10362 29056 49459 53393 9886 64731 37960 4454 50590 30221 28849 1213 6467 42943 58008 16458 51654 
31699 50539 49963 2743 3033 42952 20000 27675 21272 24712 47362 29346 36243 58779 24653 32680 14938 10374 12573 48525 53820 23093 53947 58506 41758 32169 48862 48354 17799 6734 20959 33269 57098 35264 56760 19741 44194 53329 28068 42288 63982 27874 4902 1341 52291 65153 47490 43612 10994 43188 
31593 47264 40229 42856 15821 7051 28531 61575 45618 56134 5455 40088 23102 26463 31505 36316 1509 7814 53101 44499 4743 17653 20940 1171 11072 33396 47521 3938 26112 39184 34516 55180 28008 12228 48128 18960 42742 20610 50306 64705 13551 12371 40513 624 46710 58707 49773 51716 45809 27819 
55137 15737 17858 30490 58130 64007 62224 1682 27151 38290 42114 24016 14276 38597 8605 22951 47660 30550 9500 2611 25163 8240 11925 59052 12228 47402 63268 15158 16078 6558 54635 22890 2661 36742 48944 14256 40436 30422 32418 25901 55745 33453 13649 65485 36830 54412 36016 62689 65207 50840 
7713 57187 22057 34974 46012 33586 3107 24162 50114 46485 30619 47337 47127 39777 12851 29878 24642 3178 43602 35638 33492 60299 5191 53357 43037 11177 4131 9219 37470 32521 8542 5349 18392 14347 46680 20537 53674 51236 34226 48635 7827 19847 52792 63217 12527 9511 27065 54254 23388 41915 
53052 19168 12217 34520 43926 58170 11897 63712 41547 23879 26059 9609 48250 33045 1393 10634 6341 30100 34672 65001 16704 64816 4580 27754 58850 34667 19487 6962 42603 8304 49433 32906 48742 8797 62091 30940 362 41861 27678 51070 55713 40366 64477 11866 21801 20006 39110 61472 50383 40194 
12996 60197 35819 18300 40602 18954 24036 40443 41113 64523 6945 3076 6369 2835 3746 38154 48627 30100 3802 16872 52236 9647 29611 33714 36865 2567 51694 24329 4656 49280 4657 25145 54715 6659 38111 37386 59358 35547 31588 28622 36427 46727 36832 15114 32684 49892 20757 25090 64747 2918 
55281 62133 21801 7001 35871 56307 1276 29348 43019 14062 43321 47509 7919 8479 38813 44453 51701 12126 7660 61356 54751 50293 24091 28601 58568 11742 41081 34896 779 56131 54772 2615 10564 48903 33869 61755 31316 13577 60618 56981 19305 24468 62440 43850 37203 37276 3959 1840 54632 32747 
29932 46051 9942 51119 36270 58676 45752 50425 11437 40340 63185 9544 51971 16131 62128 64033 12308 22236 38640 27276 50384 64949 38024 7721 13042 32566 60141 12300 53494 22107 11774 11075 65153 46333 41131 47632 28489 56580 31348 50439 46826 55082 59579 22471 30277 32089 65183 598 10940 37523 
55005 12515 1129 18936 2324 11332 21309 25045 2724 62891 26559 9517 7072 25471 57047 4549 17078 64474 20624 50685 21715 6563 62896 58377 13589 33087 19640 818 52720 44726 23748 25211 803 59034 42024 44376 40665 41228 17011 38111 24266 5212 48266 5083 32321 14145 33548 31360 63506 55779 
3505 38198 20022 16661 47959 2098 60434 50596 13342 13079 39953 36196 1045 42317 26878 39009 1644 9019 25561 58701 14916 14674 2574 52978 55414 61579 27746 37796 34260 27806 47139 25987 12951 4914 60686 46497 58879 19880 60906 11834 7844 15079 40117 64381 1918 4445 27930 32304 65438 13858 
35298 5118 55991 24559 32320 36610 44270 10218 39030 27694 35714 24469 62571 38990 28456 57525 47668 26860 22105 23949 22276 29054 46714 19863 48336 61156 14160 16623 11326 8132 42926 38002 62764 63182 50746 8222 16619 8497 11013 18005 10381 12327 33714 35736 19029 19288 43989 21478 56616 60550 
40719 49313 40513 55136 20635 45339 21231 55558 21082 34451 4091 36530 45493 23762 11596 12864 22013 44119 54451 48517 41325 40567 20452 51967 56347 16109 9085 42983 45112 25615 19985 43488 35120 38990 55791 33586 50292 28601 39206 46742 35914 24920 49955 34041 3576 20703 32600 25 20727 26221 
60986 42563 2889 50951 20661 6577 29473 36039 33865 43423 64201 61004 62783 33451 34508 28957 53943 10165 11612 33392 27739 23313 5931 5569 63896 11703 47583 28292 2664 62805 55879 1594 32210 35583 7341 10560 43408 26756 27689 23601 15782 23075 42475 42660 47574 16775 619 16668 30129 11115 
55690 7014 55548 17366 560 43751 10735 14172 52658 32813 31225 7078 2422 64673 10461 4486 31928 34177 45271 39642 26975 62174 19147 25385 2106 40966 42251 65175 6254 11689 9029 17330 27675 62897 37515 53243 54860 36666 60692 14741 54714 30594 38215 10567 29010 61184 38431 13460 64486 7982 
47825 35420 45570 45621 3066 37989 50534 23674 33280 2147 56498 34793 10774 29965 59075 46190 33636 12977 22625 54397 53426 17935 29897 61638 10316 59932 61582 30672 11907 16545 33048 46810 13273 14819 52850 61589 30530 13629 55599 58068 7981 1657 16118 10848 27431 33471 24592 61628 8996 8228 
14591 37051 18270 40012 60412 8712 19473 6885 42700 63616 45126 65075 46296 42047 6543 51604 54557 720 8264 15625 7742 5997 34707 62807 30615 16467 26903 14387 11638 62956 41174 39317 6608 37487 15234 18012 11913 50192 36892 58492 42814 12177 25430 11845 17463 55250 58290 23297 3533 14234 
48360 41744 56255 41359 8327 29583 43739 55323 2788 40701 10897 13354 59447 3013 31900 16212 49493 9462 18820 2288 19601 12752 8095 1437 4171 31136 7018 18720 15605 63910 38981 62230 7006 63152 56978 52973 31776 8847 2729 50755 52422 21970 60845 60371 62424 58420 7796 58809 61271 40629 
56329 63756 28256 62441 17351 37887 64016 63678 35011 4704 51723 2234 52703 8785 51932 35615 11945 65295 40902 5651 44324 62491 37859 36594 53611 39235 38887 33781 36976 8957 26445 561 12872 13055 62520 46492 62245 18577 38545 41904 30934 882 57072 30340 11693 51884 18335 10992 52766 19446 
42755 25523 43850 8497 33736 43479 468 3420 13488 20516 7522 63320 59310 57065 32825 30754 11378 49508 34843 6552 42871 2178 28857 35344 39358 1992 62725 7202 8553 37503 9707 51422 59000 10778 27865 31350 1827 48540 39126 7494 8674 59830 9263 62363 228 59195 37052 31020 14940 58823 
59130 48006 58166 26105 49359 44706 43086 63897 40496 4630 29518 50659 43370 31551 57943 35580 49477 46958 49061 8328 41127 25382 26498 5491 18931 42183 8410 49484 43451 44556 40339 21859 32651 851 10808 49060 62214 5078 32649 24636 20691 34494 28590 15346 33942 42363 8967 33025 1967 57794 
43057 64712 50225 62912 14823 3383 23296 64616 56319 58392 8793 33471 33906 59378 34838 48649 27418 52094 52079 29446 5947 36881 5170 15594 50388 20679 43669 11405 55112 47913 56883 36773 13316 30873 7266 1226 27612 42457 8533 28735 965 52566 38030 56674 3682 52020 4542 13795 46588 17717 
39451 1533 57052 34309 36506 58971 46923 16570 44437 47023 46760 43149 56764 3624 36076 26136 40286 11518 6123 31851 43335 14565 5752 44140 38844 32772 59135 5835 1793 22645 30802 47860 10914 37354 39669 59667 28956 42192 39831 19361 46424 33209 62519 24852 48504 36646 30742 19322 12813 58693 
60346 4415 61520 58474 1868 48956 64432 22780 55673 60192 29593 52412 50272 36455 62875 50032 16901 15915 35519 48702 21152 20143 48751 15928 25020 11994 41886 49413 5070 24172 49946 60095 63116 14197 19328 4950 29485 60529 2481 51589 21506 16580 62454 24480 20790 4398 57321 6512 9431 22464 
18073 3704 52507 60259 9619 16955 44359 28983 33992 43266 36579 59983 46621 17729 21669 19276 2071 21764 21678 44032 62799 62423 28986 17365 13797 52225 42760 13205 47632 14362 5592 43507 56619 62243 16223 44059 36190 55110 1281 62618 2034 65455 30445 3104 44060 16307 51105 57316 59550 54950 
29226 23725 8884 65056 20238 25243 45911 1531 38288 23361 22101 928 33947 49860 46732 38199 7212 10303 9687 26261 6427 52198 11131 63158 58364 695 60652 22600 59869 57024 46199 51488 26076 3971 6080 153 16200 64845 40544 11215 17914 48302 13535 42093 12291 48933 63270 46365 31142 59574 
15032 49729 46543 58564 45969 54924 16155 11378 43057 37558 21517 48302 55841 43062 13931 58669 31292 60195 26364 33852 57468 5145 60931 37777 4458 28264 30754 45227 40161 42507 59854 17519 12967 37910 65402 46129 29467 65421 2261 63314 47461 32696 37072 33740 35141 253 46352 55069 29950 33116 
50 50
46700 56648 36191 40619 15006 8313 34231 28546 19611 59083 14681 63718 49413 42556 9977 35111 61988 35335 20601 17685 23038 16941 53048 57079 36477 1559 29525 46999 45102 49652 62883 46221 45450 26444 26438 36122 4592 41211 33014 64763 17845 55113 529 60773 60596 35174 64116 51743 31880 44546 
56781 42260 2660 53478 50689 39630 53492 50369 248 34116 24959 53251 19615 2034 52110 44278 61712 39193 38937 34511 14304 27090 37812 56282 57530 33368 28618 40493 60543 34192 23571 24937 33937 18584 25729 31430 61700 42294 4907 6501 57904 13855 60953 3683 31339 37542 50810 9121 61073 26551 
15264 61299 50965 45405 5563 52774 26239 18917 55441 12081 60475 10618 46566 64962 47445 63369 18422 8602 31655 59723 40377 35149 48054 22737 11130 59203 18906 51819 24025 42040 11686 3107 33471 33959 180 36808 9572 41638 60487 30050 33658 12150 28003 52502 49679 57962 3344 25938 7243 36405 
22509 47981 14098 24172 22923 15130 12405 43610 25715 26901 59583 5688 14861 34207 25989 29529 12754 15043 36058 35902 27903 50026 12777 15180 58677 48351 61409 50116 20130 32839 23863 29081 8807 63470 17805 38310 19332 20480 50901 5066 12206 31231 41921 18813 34598 42635 48485 29543 50305 36621 
61313 48282 32196 47220 38887 61604 40168 59172 43111 13068 64102 5100 61884 38808 62121 49228 19289 7472 35201 3511 41443 59645 26879 32628 194 16629 35864 45813 56372 13329 28979 45320 28996 34218 41949 7213 37309 33931 54603 3107 46719 53558 41465 49259 52921 19723 59610 64633 52300 21731 
5509 46569 30266 41471 15987 8595 64315 14218 30453 7010 60530 34202 26241 12139 1080 41718 62815 49408 37715 46879 4385 50873 52092 43409 63032 34847 11617 47096 36813 50864 27570 44483 49798 52396 53698 10144 23678 61248 60572 27243 24004 50560 67 7945 25819 9238 20320 12704 16540 26561 
33303 62786 32187 1679 32083 19756 25476 26173 36900 62425 27392 50574 59849 52295 62842 15556 50026 22055 5768 43900 52657 28402 2901 38141 23158 36986 41158 32727 19766 46324 32807 47681 9150 33974 27935 52769 10459 27653 4676 53163 35289 12849 46637 46382 65062 17939 23515 49630 4285 47584 
30407 47276 50454 54227 9652 17428 931 55853 10317 48435 63871 42177 923 54516 44340 37428 5847 50078 28561 45895 15088 17620 28065 63588 44637 48226 47326 64823 51140 53457 24832 39156 44517 21444 62467 45756 65127 28039 5778 502 7042 27852 8061 37081 15406 23609 50351 5382 20927 36875 
28630 29878 14936 55877 18472 5593 39573 14347 60584 41299 10895 50694 62138 25043 17367 35388 13478 8683 57648 49128 55405 36100 22631 11540 36340 28134 52211 42947 3833 807 64373 1662 35926 40729 9371 38624 13506 28682 59635 53817 27525 12140 29708 63014 57541 54741 34480 3157 1214 32910 
2671 9825 15186 52315 13193 39725 57012 54918 41416 54725 50681 24264 34798 24497 5772 46597 63405 24622 29393 22340 51998 17768 48395 64658 59547 57698 32241 64319 43848 37516 15151 58065 9464 26075 28552 15908 44945 58488 40828 52081 45921 13996 60669 14131 36059 23067 4689 64230 32747 53012 
7649 10778 37061 14863 61341 47193 45651 54353 8433 14231 54596 30167 52894 7903 53631 15868 64300 48338 30377 48179 64610 2372 25489 19975 59674 12879 5968 42484 6371 13431 45767 55746 55946 14820 36215 46969 27299 14479 40531 21175 3124 17868 11564 2418 45204 12402 45149 4430 41162 56346 
16714 47130 21584 31266 30528 31250 20960 42745 43935 50461 61013 49038 65476 10649 7182 52943 39238 2374 30612 57403 20546 29257 6699 8496 51631 8701 56284 22199 45671 31791 34308 11214 53737 3297 47229 14417 18281 43746 50142 10079 45663 17809 10984 27101 7321 43974 12555 49639 3241 19569 
48101 52709 12126 25828 17626 32969 54688 34166 25251 56793 54623 8665 24883 2399 45705 13058 55956 29118 31152 64814 25317 46532 17489 14607 10893 9776 41095 1624 11210 28567 25992 19650 41857 18958 38178 56252 50483 12430 52411 45177 32901 63285 7859 8902 3397 10449 13559 45802 13332 62890 
17461 49470 25318 4845 23401 9962 39441 64762 7085 834 45598 39871 41382 49038 19362 40689 34462 39231 20988 6438 28564 35156 24111 49769 42511 41678 61886 16195 36151 26911 46089 26800 26688 9260 44573 26529 32098 10070 30532 21870 44907 30081 14026 13454 45974 40155 42430 41543 1916 51258 
965 54090 8401 23737 58463 46441 43619 13556 57263 42288 1840 64230 18327 47853 25505 1196 45828 59534 53910 27627 63342 19136 19518 33535 59703 48948 27195 40278 22343 230 56172 8783 56713 25157 20516 26389 61316 59747 12682 26545 38034 2857 57599 45216 195 62255 46872 27295 8283 17601 
39701 47121 23980 50781 3543 43512 21747 41271 23969 28216 861 14996 30437 20247 29208 1983 16303 38856 24901 11410 35891 4486 35756 5912 1173 18354 59064 49769 10105 62686 42329 42688 48238 33379 40109 36047 34177 2566 20756 64123 42606 23964 50291 60100 12678 34174 56383 48103 27334 46688 
60736 12371 57734 33775 23415 34883 49303 36620 1509 28918 22898 3658 8883 52831 2172 38125 51184 26750 65434 56336 27351 23800 18995 45176 26069 34692 6115 62713 24576 51217 18457 24121 8767 47487 45860 31980 63970 18793 50664 37935 6991 60165 45442 28106 41815 31231 37593 64377 40687 55027 
19079 28686 11715 34944 45912 8041 14434 475 60012 64360 42368 31028 19872 60786 10662 16035 6212 47256 26665 14771 24007 59945 25482 32782 23465 56250 61662 14723 51613 11021 60251 26481 6242 18855 24865 39948 56438 21778 29242 36342 20631 53005 48800 32755 12166 31616 5297 7808 763 44446 
60289 8965 53216 2039 19768 4095 65439 57156 59293 18044 2615 12804 42222 19451 47276 3079 17220 27685 42788 21823 2570 37419 17483 51176 53414 17163 53345 63942 50579 7481 16219 8813 22605 38339 686 62413 20545 5730 63335 49268 60591 41706 30862 12896 57970 48225 30938 42092 28000 53400 
9522 31944 19037 2560 29045 2513 52724 6965 18796 33957 40239 19883 8149 59184 11334 64836 31789 50925 3383 2126 39778 56529 48858 45018 17820 13348 30085 63700 29670 8848 38860 61862 39393 55939 35200 9668 62704 36410 64157 48145 29331 8965 29189 32115 64478 34329 49111 42916 12370 208 
25849 57013 10539 3508 43779 25601 47612 1455 41696 4589 8997 12904 4037 15541 23604 63978 25626 6934 17807 45325 62097 3625 39957 55438 38650 56755 33410 40219 59944 53855 5974 1929 42217 2230 19307 56074 52946 60041 64779 43485 44435 20004 38829 49758 50448 51250 24839 22487 62043 61544 
6736 31682 46246 21515 10595 17847 34169 1804 32539 40700 24104 8338 14057 50463 55542 26379 33017 56426 18713 59217 11869 18803 49379 53501 6634 33835 55079 14145 7463 14166 45543 59748 33071 26752 63043 15557 31961 55416 54968 32187 6511 26804 42660 65191 40021 47592 54367 33052 26907 8151 
14701 33792 58069 62467 1517 43567 29605 4083 45784 56852 17560 40297 15177 28293 2082 964 60154 63446 58428 34653 23960 2438 17520 60294 10259 18038 24982 34210 613 16709 33413 19480 52429 15182 12232 39730 62520 24221 48689 12272 5053 21232 23110 4659 52411 26419 39041 48319 63290 5719 
47801 46178 22082 59289 23842 64185 36336 58930 9788 17633 19422 16951 24416 18862 63236 32156 4496 24750 17661 31814 24528 4862 50345 54774 61847 56797 50925 8661 7947 31976 52106 51148 11395 17644 28865 5024 14386 48722 8143 59329 44832 20188 58802 40027 56373 6860 5063 34009 2834 45515 
35577 19557 60425 49159 40703 7487 28006 50221 56525 22486 31179 24770 21819 52701 44897 56353 17683 64902 13117 15606 25941 8284 50769 9683 17682 23584 61516 19569 41598 42452 39415 35898 43643 4135 18253 45045 42835 32605 46299 4290 8922 47308 10693 22701 8075 7714 32887 39053 13340 2219 
62930 10251 35057 2761 19609 14267 34925 33433 62916 32373 55751 52946 18164 34097 4115 63098 18044 41738 50670 3386 51550 33274 13692 1022 57305 16528 7948 5087 30401 57617 9964 36026 62994 15574 56728 52872 36614 63682 21782 61379 32565 61072 16309 1089 39808 15690 48351 12245 63945 28401 
46780 32343 36348 2628 29659 6145 10842 37201 2306 8325 31461 26351 10196 60085 880 63742 38688 65518 61040 2094 1082 21851 9922 39076 31806 54342 5882 12008 53755 24684 29509 36760 53440 12162 39353 8571 22496 52361 23938 44646 7767 53477 48611 29728 6507 25929 11766 38678 33896 48615 
65096 48149 22073 54475 60876 36221 1503 16757 24111 21408 35361 1099 44491 46798 25081 20564 21529 46699 38152 24078 3688 36600 18925 55305 34306 8120 58515 51258 48997 50321 62399 33184 8527 61994 49986 14636 15300 58866 39057 11727 59813 11958 29066 24726 30202 21070 14860 45457 3066 4532 
62452 41190 4869 46443 17620 51754 12481 64689 61393 54075 33390 53124 63863 6102 9425 54445 29803 18558 64620 13062 57635 28601 62993 46128 51633 19374 44276 2202 40008 43997 18939 55774 63006 17878 8262 13259 30221 4942 4079 20992 20201 9664 47329 41545 20171 5698 52912 22316 4733 46938 
5598 13358 36522 63497 3835 30779 59320 22978 52310 62914 18993 46055 64549 56752 43029 16742 32816 18911 48401 44404 35826 10736 50091 5188 32701 43810 5643 58064 27164 8403 21899 53284 55246 58517 23532 24811 47033 23433 3726 2917 31189 22586 5520 41489 64394 37341 9501 9936 31749 37322 
40304 49104 32145 53390 35623 6762 37499 38109 44462 10168 63954 64078 7063 7131 11397 28558 41051 7966 19128 43531 52128 56028 14106 1574 42663 36353 59252 49000 43375 39592 35049 40937 14741 18224 44724 23085 46512 55407 42178 53651 3188 60386 59364 63219 34446 26439 39891 14523 50744 22966 
28966 61248 59628 5025 42564 55575 17608 42656 28739 48640 12080 1608 11384 41067 48878 26524 44548 22251 7819 9374 20416 30600 49838 49461 48061 10691 42110 46576 28431 50087 20605 24082 33312 38258 8073 25979 47046 978 64301 44390 17469 41431 1846 47538 44578 42051 43164 64801 46931 52072 
19619 17958 3559 32478 3840 49150 878 15353 47516 33002 29444 26206 10115 18013 62994 46516 17064 18207 17875 22948 62018 43024 31608 85 55732 40148 42604 26713 26290 44231 49275 40826 24149 21427 44183 63739 50939 38026 34069 30600 5662 43906 6031 35450 49809 56069 39356 34352 24858 39994 
34619 44171 13890 37034 54772 6689 7311 43164 55679 45663 27224 7965 2020 64551 32561 30384 11671 21667 25680 7985 60799 9814 65270 15916 521 29831 32240 28791 14578 61139 1279 48783 35006 38512 63615 10066 61172 61453 7322 50784 7877 35590 52876 8842 26651 49057 30432 40881 37219 60588 
60355 28641 24998 51362 36393 40164 51690 18852 9063 40948 32139 63645 56773 62473 52848 63755 62643 38123 51419 54425 60560 1011 39272 20208 47557 18514 20089 11195 55614 39783 121 25058 64862 19333 21595 7486 37276 63333 28360 59349 13625 24541 28951 45041 43868 61955 57290 41217 19124 41826 
3237 57339 57810 51526 7606 31016 57667 54946 25758 40111 53739 48080 58008 36573 18776 52316 62177 62527 33719 9550 28321 62557 30589 41534 20882 60438 52639 54578 1209 56708 38479 41999 22071 24036 21971 31580 8617 5208 15032 30018 62851 44999 2367 29531 59657 23562 64192 2185 39015 10982 
59807 45743 5628 42095 32158 56575 31498 13892 4544 37442 64127 31266 61029 17974 59672 29958 5984 56832 61117 32273 39969 57212 59352 39797 48992 62562 7171 44830 61743 37172 26226 44286 11760 43822 3439 35080 33873 49340 32325 26049 35304 63365 51367 45139 39929 37917 18369 32829 52251 37470 
21675 33562 33771 17701 40967 16342 1290 53210 56832 34696 49588 31844 23746 32551 10252 615 11500 21940 51544 45832 17857 37711 10810 6269 58199 33331 48044 44673 64312 16715 16175 40957 51507 7411 37003 64491 49881 8472 62051 62798 55707 31430 30233 44469 22256 38039 12978 571 10821 36465 
61225 37149 6550 40726 60363 57780 3047 23214 34242 62290 63332 29394 48253 9724 37947 41364 16074 13670 58599 25691 26850 38424 41610 63177 63786 1278 29189 6820 60637 5446 62735 1148 59787 35898 3680 40740 13989 60427 9731 379 52464 4027 32330 28025 27393 60480 14745 37865 10911 61847 
4281 45121 50680 8333 32545 2857 10370 35591 17733 4595 31551 4182 61168 55293 50275 21135 23119 7291 40733 3140 24337 27215 12882 11871 60887 10205 16006 7663 56435 18182 49024 30195 40037 14872 53112 22976 24009 46621 47463 1971 9423 4181 26564 37068 9265 58638 29031 64898 60784 18767 
32246 60274 26400 27611 34315 51141 41760 3633 1632 20252 30416 3651 36651 62980 17247 14724 57956 40213 50821 27147 31871 63340 2539 10884 42138 15069 44490 930 21734 47505 14586 22939 6156 25826 65440 11043 190 39871 10284 6901 16355 59441 40690 10915 58745 35870 55114 14802 56425 52713 
28066 22569 7067 30986 47660 4237 59857 59325 58513 31900 63125 59519 61043 48438 49414 42725 33835 40201 62200 58253 43538 42804 60633 7335 41298 39798 41469 26055 42566 23372 44573 38390 320 53775 18707 41309 43447 34569 55171 26620 15603 4285 34663 28512 39298 38138 52445 31207 24048 49750 
403 39464 44101 16859 50401 64670 44361 57540 33760 25182 6864 25857 8777 46540 10975 10044 56278 55229 58006 3043 50032 43340 5598 42346 55861 46881 65312 56499 64267 41378 2722 21085 35395 28307 17331 5200 33528 30684 18349 12949 9486 5863 1496 17816 34330 9935 45081 30516 41799 42805 
24638 60957 31010 31757 33600 58033 39000 52349 60724 40724 63825 1035 16144 58311 24839 51537 18050 42107 7527 32884 53034 18678 23743 1459 10121 48449 27307 51781 15500 35858 14600 24280 3281 16176 9180 51936 8906 23177 10569 51580 1283 29101 18442 6505 59902 8745 64222 41618 33877 12776 
41318 39735 4254 17338 22012 35514 37877 51886 14426 24726 35219 17760 961 35873 51636 12359 47825 12107 49471 1367 32829 29243 35961 61489 8450 59181 54151 12039 5247 24414 31026 18765 23331 65395 60319 13214 38108 32782 58051 58921 49415 44635 63971 27606 39051 60565 23257 17858 44668 53855 
18944 1527 43990 49 63044 37471 46001 19417 7709 48119 33507 51302 56944 37817 21342 9991 27669 31802 45827 42629 25286 24723 31135 50189 25628 20069 10385 50364 9460 37869 48781 5552 59378 17037 3669 17469 8696 34708 20796 13140 52133 40024 39044 64312 47497 13770 18970 41656 56676 52482 
52824 23766 46607 35816 12299 48292 16629 61415 47632 38642 31302 60335 6199 63085 29613 57685 54447 12886 8853 37387 32122 20049 42924 38888 10584 54614 64407 26623 20333 2409 8668 1311 10474 33099 62899 40480 25093 12700 10922 27502 63583 63393 457 1988 48652 5200 64493 54901 20709 28759 
27414 47558 64233 54989 46312 31126 33535 41278 53463 54783 47664 28364 959 56053 40193 39742 22980 54579 16487 31297 60987 41623 25870 62978 60631 50377 46673 23845 30935 3765 33639 7664 65272 12761 40739 13487 40946 65176 6939 15078 49308 44794 13125 12541 17466 49652 59814 42189 54023 10238 
33473 65416 13299 10165 62139 22272 25163 10820 4635 16812 39668 7671 58245 27961 39274 10423 61924 16096 9824 29925 51504 52338 53729 49419 20983 14929 1624 29063 6924 41065 29688 53411 61792 35764 30232 12507 52351 27332 62467 33372 11911 13030 5366 7868 33582 58490 34886 23810 50336 37222 
59728 31232 49038 21552 4244 63883 37690 29690 53471 55348 20955 19251 29131 21447 37100 28963 42862 12300 53224 6797 23240 8087 16523 38452 9799 25976 11030 21060 22753 54092 35641 25610 12178 39332 6226 57334 51274 24862 37662 6720 26042 12680 12387 11697 10711 29459 17772 59320 27444 29817 
