80 80
26970 9251 6478 48996 11408 25919 2088 39899 40815 2572 51558 26283 21965 48065 33840 62298 3324 31555 65474 61555 8520 63617 2101 2778 52253 28062 45956 10373 20148 40047 5915 10547 32929 16438 19325 18616 36834 7965 35341 27268 51981 9120 36210 34580 53090 14874 31744 47462 6279 818 4615 1777 25868 50236 27905 13283 25352 36393 62200 32497 57332 17229 6911 54624 49461 1984 7919 5883 10828 4260 61089 32426 49137 10063 13963 38885 31623 54946 6473 51520 
55843 7186 6462 16152 16211 55900 60464 56906 6988 29725 42214 61072 61532 64818 32055 22099 13559 29121 12198 27003 19106 46526 11245 5421 33099 55284 57469 5746 45597 19794 20756 32654 733 19246 40463 11127 2471 21690 49004 12552 6726 4186 62696 8130 10505 14695 28015 27831 15709 10523 45644 38152 31966 57189 38143 35127 60341 12163 5030 41373 64938 44243 53809 56713 46029 44824 56088 55582 29602 32025 18498 43672 31033 49276 23078 51744 57347 38208 38603 9998 
32353 46521 60895 56813 64292 15953 19834 59194 13889 22787 45444 20946 23873 54258 61345 61318 15217 9396 52832 15933 45540 31227 27135 38417 61433 9148 2554 47352 26201 45794 9992 59696 44335 32927 165 62181 55350 44551 63273 2839 20855 25286 11755 41999 6860 50220 23512 63263 7459 51920 37935 21290 63758 35425 41269 33356 59707 17316 19510 46530 65224 47228 2863 47498 51554 48168 53811 34260 39479 42206 22350 28359 19286 8903 33964 25562 21401 23573 14947 44714 
21551 31403 43364 5813 41030 11601 32918 37231 55788 9732 51435 64738 50782 16568 53016 24365 24348 19683 12339 15940 14030 45073 45698 55370 63114 45089 39896 56328 1200 46238 3257 57629 44150 9527 34353 15826 43683 37714 49265 18783 35928 35677 389 36736 14188 63445 59368 27613 64571 6667 24252 39864 11568 50661 38116 14095 50175 3782 10257 37715 33055 2226 58521 14410 6623 33257 60590 9542 18474 15502 63650 28691 13192 47376 5812 52940 28985 50774 33975 4440 
64079 11346 9628 11237 37858 64255 14617 16600 46746 5639 2991 41123 25584 36025 21504 55478 57369 64615 41732 6210 64421 24963 28123 43266 2312 50335 21860 9781 17299 1276 49535 42224 55374 35813 976 2620 22298 11300 65167 39162 13723 63314 36812 29365 4686 62589 44937 43601 21162 41162 1532 61723 46883 61174 14128 46416 40948 32164 35708 39016 40852 9531 3638 54645 8230 16007 49778 6296 40279 44779 54686 35863 24938 30359 36062 6848 50778 11703 19724 16779 
14048 44444 58168 14233 17718 37577 12885 37038 7044 39099 25541 3242 19403 41956 53142 25866 22842 11683 19286 12896 23549 62290 26811 31419 25916 26826 59597 64773 15769 9008 42587 15495 11577 15138 52831 17497 59521 13067 22421 20875 1632 63100 39557 61757 56694 56665 64071 16433 19398 43275 718 55346 29639 3283 151 40058 1885 37825 55620 34012 9248 23042 24648 9312 27586 55947 42386 10331 20143 58987 11320 7163 53126 64236 22748 24713 42131 39726 52170 59551 
4533 41496 59471 36359 19613 46023 47001 50528 8795 11988 59561 3570 19521 58936 15891 15029 18319 54677 34319 4469 35907 24518 49466 39783 5952 55279 15285 13568 53540 53726 18492 65431 1865 25824 10140 6107 21244 34561 23756 32952 43343 209 6148 59389 26522 4925 839 49815 54520 31769 38055 38800 22163 59393 32710 1852 22411 19812 41652 36732 52474 17345 45787 42319 13351 35784 25089 6535 44142 6557 35747 12098 63998 22642 53886 31290 55023 16270 26006 53309 
40762 3531 33567 30393 37570 65068 42625 19684 45006 15862 52290 65505 16896 13956 49195 13588 16001 46755 20887 3882 45243 65247 64817 6763 59391 12115 63055 2238 29632 11465 63461 55991 38478 39286 51593 41727 22045 36597 1066 55580 33669 45159 21809 54184 58343 57674 58590 14874 8961 40266 1449 15439 40767 29464 38440 62693 49526 17988 5642 36102 40225 24356 40699 43232 30279 29629 54398 7802 1047 26428 37530 48174 14667 35785 37493 3194 64652 58886 41064 48611 
9879 2746 34063 56051 44964 3587 32512 31419 49013 61701 34968 47531 41269 13946 11706 25947 38023 52997 8292 19426 12178 43945 23927 47209 30448 4226 65304 10648 42763 1387 47269 25210 5524 40799 11337 41054 37731 47330 29669 56726 35568 37498 17305 56323 14257 32759 5987 33743 57155 3103 25629 28365 33343 39683 15404 52155 10379 12133 33641 8041 61381 32158 41538 16108 34849 35558 48364 58282 33868 27583 56405 26891 64618 61291 36982 7934 34335 8469 10770 59531 
23406 11642 14045 10472 37409 38377 38204 2253 16797 26569 9212 45103 3815 64201 62883 59736 62065 47305 11093 20247 15250 13375 21687 45068 6354 31250 59112 22627 54977 47275 24436 18977 5991 17321 18357 6560 12100 9474 7218 18251 1324 63189 23608 30196 28331 15092 24054 39779 8375 17487 59899 41856 64431 14294 31676 1158 33571 33592 33125 32084 56899 25802 64669 5641 19364 55820 63950 48163 41673 10188 6115 32140 47261 30513 9746 7500 1039 58355 45876 1338 
49008 35849 57237 50836 33977 23819 12251 16715 18469 20388 16954 9102 13666 2616 8893 52742 50571 18249 47208 65362 65125 5153 52300 18888 11201 30798 60718 28100 60887 38609 35606 3482 12260 47106 19034 2287 60302 60627 45424 29207 53863 29728 1294 50796 61719 47284 18684 25950 54535 12091 7985 46320 19925 13283 41999 30681 14738 22264 48922 54845 27891 24586 63593 52844 924 37956 53855 21540 12321 34271 16311 54502 43905 41240 55480 41067 3283 12067 26822 57737 
1463 29849 34128 28339 74 10307 21071 25516 49755 4613 59088 59549 29111 58331 8961 62018 49467 5901 38448 43807 54994 51518 11007 53105 43544 35956 22413 29660 48622 24809 26590 53069 5213 2589 10073 58808 59732 26976 36809 63842 33710 25322 20363 34234 59471 23657 30087 14356 43338 40719 64558 51530 12491 51903 24155 42973 17195 45678 6343 18439 28406 29359 59139 60198 8800 31901 47602 2711 13532 14550 54631 17797 25276 14642 16467 55103 5111 50727 3962 38745 
54783 36582 25262 61730 20200 48216 57623 44031 44187 38413 43854 9407 11655 53597 255 56822 39198 53755 64865 4313 60728 62491 58013 19155 42773 28211 48131 27887 56011 12919 4419 12002 1773 39099 37017 28915 35657 24172 3959 62790 11513 49491 474 41747 5470 57952 63622 9366 65101 21744 55571 29147 58760 52051 43344 58268 3033 44717 39464 48936 38028 53611 26070 44733 41442 16036 28404 33310 58918 44620 53560 31968 53261 27259 25392 30912 10488 10728 14486 61426 
58005 53488 58455 40238 13066 16243 39192 64269 14190 45583 60578 17041 736 58026 56780 58768 40756 24169 45832 34354 61228 27895 58179 36020 48042 4010 32714 4528 46082 40129 47467 41148 48463 4758 14117 42961 6798 8586 62002 31042 1425 29776 32461 49282 26509 23462 35190 435 19974 42929 28354 29999 19313 8146 54681 56424 45843 11402 31195 39252 42291 1268 56495 62992 28689 28190 9586 9486 61408 36141 55628 13766 65469 22145 56912 30993 59340 14906 40265 53697 
30521 34407 56137 42678 36767 46030 45822 32696 65316 60549 26008 11555 19750 2639 53425 4451 22740 48492 36034 64194 12142 25293 29440 60467 61832 57088 9617 22472 39820 19525 41271 6500 34816 55636 48248 58584 52129 9965 23367 587 55153 16565 36764 27173 63686 38712 26050 15115 44144 46133 37381 16425 23796 5189 19153 3712 11606 63192 861 49635 11115 32464 13368 53447 11071 48515 11609 34672 58145 3817 44875 28095 29948 230 36104 4455 45130 12609 36747 47602 
2275 36664 52067 45876 22146 19008 30461 33171 63151 10517 11444 9844 62877 39506 56653 40048 46517 17719 57369 43952 33157 57110 7946 25075 51654 39140 16296 19596 13831 5126 49531 37646 30774 19695 22270 46322 36558 62887 3417 60489 8481 25690 16122 9203 60649 44025 37790 25992 48228 32795 43419 6957 17890 24201 25433 52421 55204 62490 6883 29010 62463 10573 13021 19985 10461 19959 55950 47646 10452 63325 44373 57001 57789 43620 63956 60981 19086 23315 63807 7830 
57493 52930 30059 30521 20351 51562 25503 51341 31408 13496 39693 9036 44342 29703 33205 62791 61971 28139 47020 19121 53176 4784 19950 32146 12659 2866 8390 26203 18934 64517 64733 25540 31230 12805 17233 59079 51851 47833 45745 51445 58570 30367 61529 61656 45613 21284 1045 4388 40918 7204 32103 12064 12989 56706 44943 9610 31351 18877 49449 35636 7467 44057 25931 9810 36051 7312 43813 29711 52307 44977 47971 3418 40906 63727 31084 32306 32890 29282 17405 24052 
51254 30412 49227 54670 61228 11910 52826 4407 14729 5481 24606 63882 16218 24292 3108 28013 4262 14755 7999 8754 26998 58756 19086 22826 16603 9442 40349 623 24191 54848 43698 41517 55564 46058 41496 7228 23072 57840 56355 9934 46868 34394 5939 43590 12303 49972 52996 63024 13348 28027 39906 21288 15920 6243 36117 64728 33701 41491 34964 10318 20335 6129 17560 50263 58447 50613 41540 64909 51561 51145 14398 57859 59571 10299 16345 12347 23013 9966 31934 47099 
48480 18578 18010 45176 53616 17806 28084 64847 45908 15934 59363 30865 42229 44723 28588 57974 30033 14449 11197 23546 5731 22917 9880 41092 59513 53044 65230 15708 26202 9187 52200 63242 21504 42651 60542 12112 29692 17164 30053 23341 12736 3814 38342 43940 23425 65377 23182 60145 53343 2652 13539 59142 37165 7163 22667 62309 58822 5359 7564 65046 45015 45528 12770 4033 8494 55376 56837 19320 42684 23088 52341 61754 13954 6619 20224 12169 21762 52651 32537 39100 
9513 54267 44442 12642 26190 13115 28587 41649 10365 41403 35992 53566 49784 38344 3227 53278 4012 15866 51293 45156 21383 48856 25063 48334 10855 56780 12125 26523 39384 52776 30707 45961 56722 18604 59321 16727 47360 29903 9938 26972 14823 10298 35584 19348 43195 1976 53265 43765 16617 33063 627 36978 11652 58152 21607 26373 46935 26181 37327 34276 16971 55258 29813 59066 28339 28874 62792 33988 13622 15943 31137 23566 52222 45571 50234 64477 12732 25563 2755 53655 
53523 56538 978 3157 19239 36311 13826 39467 46088 4864 37579 6590 42033 26076 58988 64008 33505 53591 20875 12487 48630 43280 42218 33523 54482 6745 28428 8003 32852 62398 51399 38891 56515 27345 61132 11307 13267 35607 4863 54456 491 6429 63433 11626 30477 1332 12306 36543 47764 34867 22838 33396 6619 20767 18774 531 29538 57668 6652 18346 32812 28096 44387 4769 25443 1070 29166 42448 61851 59800 48727 31390 46987 48224 44936 16349 31873 52663 41779 3440 
4012 63931 27567 63467 51473 12014 52159 14292 59022 59498 61692 22418 32794 57039 57632 48877 35744 24173 32562 57631 10092 22187 5544 5224 59586 8469 40174 34150 65328 28094 41153 7202 28370 9470 61146 27622 53777 52959 26855 10856 58865 37089 28467 29302 48982 61675 48841 62025 33552 3219 23599 16618 57980 32063 33753 6557 26357 36155 26331 49265 11251 8184 36941 13241 58512 32502 17554 55011 7471 245 11890 51890 13124 49998 7875 19573 13716 60264 40715 21349 
41776 58572 7927 33768 58011 50436 43813 10813 62671 32574 1563 37356 22851 6004 46756 12769 64154 18118 14898 55813 40070 19762 9466 57203 16724 45118 53629 53525 34416 24046 24224 53945 6225 31767 4708 37778 42980 7812 1280 11407 18884 61367 1262 20319 2139 18348 5390 12720 44028 56768 57438 52791 43021 30681 65143 20267 20783 41112 38745 52080 33858 39262 60506 7837 52636 24723 12889 6989 16540 3243 8698 19081 39916 6540 21450 24495 15863 46212 29550 31620 
32908 3373 32852 61580 19989 6447 19204 20476 45280 62300 30762 31325 54238 34540 16203 49533 50738 31365 852 35638 13706 17931 9 14302 38311 2510 63929 57684 5688 12022 26034 30803 34604 43144 54938 2536 9097 23843 54923 1420 40552 41778 35670 628 10839 27751 23703 25264 52371 58815 41584 14847 8944 56549 5586 28863 46216 27311 17217 62675 30044 50898 57672 62917 43301 11917 63014 25487 33128 24936 22267 31200 58624 34764 1382 58955 58302 64709 9966 539 
14455 29273 15646 60554 7466 28605 10342 42131 12136 3126 226 1357 62051 12262 20046 5404 61217 62829 8310 8942 37281 35733 38434 45784 20080 49737 14214 42837 57139 55699 2248 40527 52367 23684 737 63156 7466 5157 27782 19968 49744 62284 14675 59517 48808 11762 22728 15088 34481 23858 17103 56094 17676 26346 34886 40950 30999 28970 10953 54393 57986 1919 31117 21253 661 63715 4448 15735 53867 32587 48397 48329 63501 61354 33141 35603 9421 29170 59000 62888 
46953 35286 47046 9875 7528 11249 23407 4226 46334 15191 6241 39738 16022 47551 57429 8889 53984 64670 11682 8346 64152 17053 15903 28908 6127 11694 44379 60118 39529 62693 37388 40351 9153 59760 21726 22444 45205 17154 16203 56320 50703 24879 8716 44725 38272 8407 63171 27362 9681 54359 14076 50818 14804 59639 57415 41333 28541 33117 691 8771 38158 24736 54333 55005 31373 64176 32156 19030 23770 12041 8663 5690 12357 59450 29510 17178 39524 18213 31815 1615 
27739 53701 29269 48359 46113 1997 61169 900 42533 41714 31466 24715 18612 51649 32281 2694 4064 40146 52649 45504 2598 32194 21022 56609 21705 4335 362 35626 53721 17155 36709 31018 27030 57478 36633 3503 8482 11687 10678 4494 56277 58884 46910 37356 56557 44073 2139 38553 27137 56716 41745 47017 18501 13159 11830 57522 4582 22502 34208 22795 56846 5993 32862 3662 33615 5996 47864 29359 21910 9953 31359 13156 2165 13036 56811 969 46260 33547 60528 31758 
8520 28220 4117 42661 30404 23407 53456 64917 9498 19266 15108 788 54509 11199 43217 8699 58290 6474 59644 12714 42040 55675 42080 18894 33261 31062 36641 40613 25398 5986 34366 35425 45865 48741 60553 2772 61238 56203 53504 971 19800 32512 56067 8699 39565 24209 31714 5504 47362 5301 62651 8997 10391 48170 51422 1875 35903 35255 48695 24196 10294 29739 48035 6083 63351 54517 50888 52837 23233 36942 9511 21837 60770 4829 37817 4515 410 44884 38135 64649 
61362 12488 3562 45184 60465 20244 28865 3678 920 2599 45675 48515 63984 33965 16488 1388 53858 32442 41362 45688 9253 6825 44034 18669 57006 36612 28508 32209 59067 31473 12340 61922 38244 61557 29326 55864 2218 22896 52464 29606 28987 24193 8121 1848 22186 42337 33502 13132 41987 52677 22865 39361 28026 22745 53533 23295 40668 24786 11360 40968 19558 17975 30152 48264 59993 25006 36188 29817 62870 27624 24254 23624 18499 32728 5549 6499 5216 1011 22773 39410 
54217 57442 122 11255 22553 64959 48325 28369 24179 2784 22762 33973 2659 20704 46487 52603 31515 56794 22103 29029 25229 40571 39928 10008 2945 32399 38657 2295 18029 18640 10780 12419 40210 7552 54729 13958 48539 53473 45191 22571 50830 4821 22988 22807 11091 58277 14494 7352 38225 46026 7739 26763 10583 59821 44583 62871 33533 52384 61659 14004 11081 39625 49967 41412 40223 35660 59914 10120 29088 795 32919 15784 47474 25388 34778 10311 18436 18886 42332 45172 
869 43474 45850 63630 35695 57884 32256 50226 54664 47894 38247 15587 9471 35643 16217 56343 29478 8059 18006 40167 25948 22872 48250 13335 13516 58045 34093 44968 55163 56429 6774 53218 1970 44876 9535 43271 59766 35712 34625 32174 4298 61594 2792 13536 24518 59294 26838 64811 19791 61674 17934 25462 10231 22007 6096 3763 17404 20860 7935 11451 56072 37849 42237 14039 45405 19671 4954 8504 30345 15414 55802 17149 50848 64744 7218 3174 48507 8171 50680 10157 
5138 1704 59277 22096 27830 2558 7971 41918 38611 54333 48687 14311 40244 1691 31066 54468 2617 13271 8921 61736 57016 33475 53093 30243 11655 18245 35181 51386 59787 55715 49652 31387 15126 46841 24093 55753 60838 15549 14858 8474 64632 35710 217 49214 38390 35860 22956 10678 54022 10721 60283 64560 31784 26896 15008 7236 28036 40650 20829 52891 52372 14735 55326 33137 6849 9655 3601 6310 58581 24322 62264 45388 17155 29001 54700 51785 51607 28623 38515 58210 
49194 16636 38349 6426 18465 701 45812 20105 27973 8748 33918 62889 7616 41037 28819 55035 18821 63350 26189 55216 3205 18239 57874 30732 4995 33223 54643 59859 10601 21672 45163 65361 16361 5270 38091 31136 62741 7260 45314 815 23302 64228 33990 3178 32655 8775 54059 29997 9337 33981 39692 14971 46447 52289 36862 23773 46940 10472 33583 23036 17205 40667 3514 35962 27462 41704 47379 64853 8491 29089 19197 50423 29863 3573 56792 46462 49255 47723 17396 24863 
22795 51738 28807 5085 54030 53561 63060 62929 400 40440 63124 12720 17281 54084 26781 56725 7672 58390 44476 27071 49822 34909 23401 24466 25574 28102 29860 40649 29137 1548 60456 11225 43411 11654 13697 6753 963 57417 44930 58759 11306 44246 23894 22910 59109 6355 15396 9105 60647 37932 6383 6012 16760 36651 33937 51454 17173 43975 59343 58446 43589 20246 47950 30780 36020 38364 12300 43093 9795 6779 12256 55404 36649 53736 29961 28675 59340 54424 653 36593 
22740 31042 21801 40053 45327 5864 4896 42713 44763 36425 48062 52367 26474 58075 52845 38691 21940 22756 37863 45207 7230 15734 24057 50911 63258 19955 43587 63756 60234 54311 19046 43943 2543 29506 62319 4304 51807 65361 60633 41794 2214 26105 34823 44232 56155 20365 48257 50921 52045 3719 36427 31240 26376 5678 25636 59617 20877 15901 29376 23068 20905 17118 28344 17001 28755 58748 1264 53627 10500 34246 46269 548 40481 32988 54697 13168 56838 37305 10535 47318 
38134 48181 62828 6980 3729 48557 41483 10774 37285 9658 1964 18790 50189 21160 18158 25228 44543 17912 53372 19758 57298 29919 13552 64921 31753 18602 15367 26226 18447 42932 49960 51941 41505 58714 57033 60444 4205 54965 11897 34309 2490 6093 18802 18859 25453 12702 44184 2744 61531 38043 41231 21 14179 11874 43089 20145 13742 30207 29354 41086 37946 11186 36895 17148 24184 427 35188 27602 6442 45073 32726 949 62161 20914 37397 4961 40013 32744 10701 56 
28998 54085 26663 23632 63971 31881 20905 24062 11133 26933 46931 63115 9496 46960 22405 38458 65219 6437 63330 9226 31762 34957 52766 61705 54012 25154 23524 15785 44713 32604 23354 54712 32115 14618 9213 47410 17342 31406 18399 65457 8322 63760 33792 24039 49327 44379 7450 49058 38798 56320 4000 3604 60456 62593 20253 39780 13161 7187 63753 60819 5879 1458 15802 50762 60875 22990 34028 32401 61950 60922 48727 9558 13536 26424 49711 43497 52610 60206 15978 48390 
31495 32454 20098 24092 12536 31952 22415 60884 24289 20820 26352 39640 37222 41237 44706 60637 8876 13936 64956 37015 27048 59224 30242 34450 29253 857 33160 48503 3289 49646 63223 1335 1538 49299 28400 13876 28656 3351 42194 39583 25526 35057 63847 43532 27204 5656 45052 4255 9593 63603 1470 61752 16866 30848 30428 37625 50873 43314 22145 40469 6983 1744 1420 51180 54216 63826 23984 57615 16368 11438 6751 365 3889 10388 41425 30692 29995 55730 16820 32348 
22525 5378 16618 28217 16411 36479 17720 42835 48677 45913 46134 54485 59606 49672 20102 49219 46004 5466 28235 24986 61144 64769 62772 18055 31100 17255 18543 27811 4248 58644 54888 64906 38484 48828 37871 31169 24609 48368 52876 63566 31535 37856 35716 1575 10417 15958 30710 2288 29360 3007 46094 59716 21163 7790 62677 19361 19687 6890 591 37445 19371 16769 44773 47781 45346 60154 19620 28368 48258 9659 23092 46508 22366 3001 6420 50153 38494 1637 34893 1274 
42568 30960 1600 37007 16708 32621 27341 15023 57112 18022 1912 10315 59822 21385 20076 37374 43523 54940 50430 1371 32919 60728 39855 59223 48884 3429 17492 46109 32864 12528 23190 63271 63903 21844 54475 44165 50253 12232 34773 35063 59916 48111 37154 20209 21876 19180 41925 60873 10786 51893 7235 45273 20858 57640 56434 55522 56779 2315 1633 42656 63737 6167 49567 39612 1285 47618 3077 49102 60130 25029 49801 54396 57057 42103 30647 373 1895 40465 29659 44787 
42783 2176 47518 39600 59068 61410 10355 63192 2084 27321 29289 2130 28372 63088 12858 41541 64947 6830 54220 32803 20504 49948 61364 27774 46154 63482 16554 17457 3922 28908 3587 37743 55791 10236 22806 32735 49650 12462 2504 36043 14096 39016 36173 41852 33542 53967 39059 56963 38721 65145 34884 37561 18852 5243 42377 9772 55896 23141 23372 37699 14425 16355 9848 59337 40382 9962 4370 13473 43514 38349 32668 11171 41529 65119 35281 43298 52100 8174 19922 2353 
48916 18727 24688 7380 7299 51065 52763 35453 22550 33011 46179 39203 56075 18883 11107 6652 4520 61210 59667 50252 27919 32313 12746 46597 65172 44421 60643 40433 13505 10325 42587 55142 2313 24831 5594 6316 39949 48808 53856 44810 9825 57854 46901 24027 37064 46388 20002 5724 22558 38844 53413 47192 63842 2708 11272 1543 59208 28528 46403 28159 59252 65323 25494 37921 44620 55907 1831 58460 62949 5077 17310 6410 50570 4551 42212 57643 17961 60120 61673 43799 
63847 32976 18871 45527 14031 11324 16963 26580 56784 60699 48477 18438 30043 56841 47859 65304 12634 3725 62589 53772 8824 53233 45772 37868 32538 30173 59259 7346 45379 36742 31434 64825 23441 19149 25882 60108 12988 35228 49653 63716 51902 16289 16110 22648 10657 4513 50161 63596 65186 64514 23356 59152 43012 57370 53635 51384 56074 13769 6101 63959 26158 5707 33810 7956 37497 585 41433 10109 37194 42912 6496 39165 35428 713 15116 57990 51 26142 64350 7805 
28666 27412 49887 64925 41473 55301 28461 4640 5178 24824 15074 13519 11847 15035 47926 14398 43814 21322 26634 46400 5636 59191 19810 51838 6842 23739 38959 47333 42203 3041 24835 27214 56084 59651 22271 18175 63161 34304 27704 48744 4901 24661 22783 39616 53292 29942 5610 11939 56036 5730 27308 38015 33787 43143 12489 62515 38614 56804 47710 4204 40803 21684 36453 42766 52877 44453 52942 44563 53853 41374 7472 2036 56989 56671 14180 55727 20450 22333 45337 5434 
29014 26565 15599 45498 51479 32647 53285 32538 8353 10840 791 38340 60879 43626 57171 55439 6715 5609 55974 19136 32833 15862 4933 12972 41476 31829 44317 54857 30731 16873 22089 41750 12306 34423 47401 5069 36708 899 10692 31359 61642 2071 29498 369 2202 27704 45718 53458 64052 52183 22815 397 37361 15891 1584 21178 19951 40774 18643 292 20921 62535 59640 34983 8995 65186 3729 32764 15211 28709 39592 50341 45141 38656 23242 11930 60070 12037 15903 32904 
38353 59605 35963 63217 12413 29943 26516 36538 60595 17115 8845 945 56227 61285 51800 64828 51839 24014 32762 44499 13853 58282 13657 54894 48728 26295 59062 24515 59153 19444 50326 19422 29265 65221 55736 54421 65300 47351 48651 14683 5307 22494 1650 16409 15868 55744 29813 3414 42679 12499 29779 34446 48001 42923 45109 28633 52559 23213 53641 35469 50490 53889 27300 34735 29196 8989 48616 30828 1734 28662 39063 47817 34321 26198 2149 15516 36983 49583 57398 57158 
33830 17904 25890 63760 33538 10903 5612 24429 12279 39657 26773 26130 8368 14063 22985 19478 4869 16815 30535 7187 20068 1154 18623 32577 7980 43556 51643 9528 41337 49998 941 55875 60772 9509 19125 48318 12027 11547 51458 15246 40109 32098 34516 29972 39808 50673 53183 33303 6905 41512 46204 54630 24386 26758 22683 43952 33785 40996 42038 23842 60143 29479 21060 32623 59941 17407 56361 4052 10213 40555 7002 32146 35568 38952 54435 18038 53805 15574 22916 64666 
60784 49745 41875 12494 63558 31960 18600 33599 39721 39251 63548 46445 48397 29598 2841 1761 42474 39164 18957 56582 15014 320 8431 23433 18850 16613 56225 61412 40770 1861 27025 35109 29334 6486 38037 53120 41202 11467 34958 33384 47634 49364 28773 22536 45493 4093 30324 16287 59981 2390 54987 24008 64954 9132 60929 45826 25351 10425 48681 51832 11714 26474 3330 35079 45608 32796 10595 10845 13467 4943 11117 40599 60574 33573 33195 6244 15327 53065 17933 6349 
3525 10428 24714 19691 57598 59136 35401 337 31324 19183 15174 30526 42705 10132 35174 30143 22130 51231 63335 37424 56583 45783 13213 38765 49187 44844 37896 42435 19386 59990 15166 8815 27282 4750 731 16865 35159 43733 24431 11002 59375 63527 3057 29650 56302 60690 836 59223 29262 22633 47240 1629 9 49979 34964 12585 4400 58917 9433 50304 50961 48149 53360 27617 33535 35904 44507 62388 28925 43015 28526 43572 19914 32466 14361 15419 15811 30576 21585 14619 
35179 7881 29647 46366 14398 58831 22622 59693 1116 12289 25500 58106 28235 48466 29061 13788 60629 59697 3315 58902 31248 17247 45203 33165 6335 65224 4398 48797 26829 45717 51137 6571 57234 33641 20507 35366 40097 53981 21887 20412 1732 63779 24999 10316 40291 48399 10936 24570 9003 9468 45944 15624 16939 61524 52438 17310 21398 47928 3989 55276 18006 55290 4196 1962 36102 49303 38051 24297 12952 55064 49286 11266 38766 44260 27075 13056 54955 633 8533 27105 
38734 65171 54675 46391 17576 51091 3711 9653 7129 17632 33719 1427 35939 40314 13420 46966 58858 52890 21613 13536 35958 2768 31032 55419 35219 19499 34513 56946 8274 40724 26075 46984 24471 56212 48534 3426 37840 40144 30617 34075 2662 47945 10566 45497 57823 15473 47414 22154 37658 32087 59729 1499 27636 62779 8292 59716 45582 23361 59514 22400 29894 17986 16061 36125 31344 28625 36131 34853 744 38565 5296 34078 64716 6456 20336 662 19044 38754 37461 9578 
50291 62791 25940 62064 38038 35285 22606 19561 25083 2183 38571 5381 14775 46523 27151 28613 20215 63815 36310 20224 2615 34042 43078 34626 21087 7949 36934 51536 7523 51330 53601 63672 17249 7314 48978 24600 29518 24522 64270 53280 48503 61394 39248 8887 10808 7549 48647 28794 13993 53586 50672 38657 30226 54746 4981 53626 39048 60629 50137 65131 22243 5133 16845 19582 10340 35645 38340 60712 17338 64556 3423 2620 39024 41378 5763 17682 10407 54904 24786 32673 
58252 62822 64674 36911 26392 5394 37023 48028 21103 32537 48667 53717 13493 17812 30839 9778 43944 46999 6894 38577 3323 37110 7152 64392 12012 1362 49816 33605 26438 42511 62881 45506 26392 14914 64415 16749 63294 12526 29770 42749 13461 9515 63080 6986 22853 331 39058 9893 36362 10506 50379 56309 13639 47213 49784 15400 26872 61882 21755 37861 32922 31916 48107 15989 19216 54865 63317 62046 12918 40288 54482 26990 30986 60521 6738 64022 60502 1207 9820 34919 
47318 64019 65170 31964 47239 19190 18074 7013 55185 11408 10546 17000 51851 17187 9165 48979 46947 10169 4629 40888 62035 65441 63297 46387 12866 20601 7571 7290 25535 34676 6610 48675 20380 51644 34800 11475 24442 12438 42682 31772 2897 48541 13911 1655 64741 60625 4172 31939 21105 14857 25110 31836 24381 18233 29742 15530 57060 47087 21581 33788 14870 48095 10 15612 54865 728 3688 56842 5317 41727 46913 52370 44033 28715 51410 36249 63203 19626 30812 48076 
16001 1137 38523 7008 55029 11575 9524 63386 28229 1371 9878 3841 45568 34885 28781 11413 30682 32406 14885 2804 40697 4328 18739 1250 13495 62516 52847 20163 49563 1240 40934 14144 55111 40833 17135 43144 7540 22639 26797 19584 63755 37311 56660 9188 4274 48339 15313 47621 54785 52974 47083 17978 28891 16648 40996 39017 30808 14783 31159 39134 29499 47287 55759 2307 27001 47003 31266 32249 29 40885 14213 34415 8819 27681 49451 29566 15954 15234 49373 58107 
33208 32364 9710 5941 61202 20373 47482 8182 26047 28676 2553 19802 1037 10458 54025 47845 48798 18072 45912 21201 64486 3914 49823 39113 10223 29940 1622 6575 19276 30571 12873 22371 29730 41294 33671 41780 43854 39807 53068 5216 8655 59891 33653 43831 15998 31552 7963 63355 14003 13932 8229 23578 21697 24206 28269 49403 50723 921 63897 15538 25216 51913 14170 15288 48966 36566 51188 37940 592 59240 9565 38036 37059 397 12239 12032 44119 11316 52682 38808 
37009 17829 2828 3677 52609 29034 49620 45320 9166 56818 11 25548 65086 12579 794 37510 65151 34462 54929 25934 26171 3802 52351 58221 29155 54730 43317 49754 27114 30496 8686 335 35829 33956 58835 41422 54622 50343 18329 42479 3160 31203 16369 35765 12033 54420 43010 30300 4958 48591 44216 12201 37261 19989 59682 24361 24915 62370 16159 25940 14073 45848 5582 39740 4627 21456 3451 46354 5644 9239 16370 22148 40003 44415 61574 22419 2485 52689 63746 54754 
62346 41992 35069 62390 29253 20252 41927 53435 29183 41253 40996 20346 53389 277 29695 28040 59707 41466 11457 40529 56927 22288 12642 48868 51664 45559 16822 47370 34216 19430 19606 22206 56108 20831 63201 11189 48332 30755 3227 582 30063 38391 60281 42944 43575 37654 41818 54112 43632 40595 59051 24834 49489 25705 5098 35278 30458 31053 38369 40671 57255 11429 49219 10785 24717 39788 8974 23869 14539 37036 62452 35665 39252 24625 25631 58514 12678 12618 23878 12091 
43237 53362 46390 10616 47072 58248 4290 26743 28763 52207 21825 38969 39328 50236 62554 63026 42563 12997 65075 3836 63099 11620 27447 37527 28823 20853 1415 50583 33764 29785 51780 54213 55478 35321 21465 39688 11726 59768 2904 38816 51512 22720 11805 19710 55487 32010 16521 34112 19951 31784 53584 11845 65213 34107 1636 11043 7563 40788 16776 13996 9768 44430 14261 24963 63539 57076 13999 64410 1907 35415 21781 10747 53752 63677 29105 49579 54376 3036 18733 59101 
40199 34448 3552 52259 58093 442 60221 24632 56868 7213 5807 29597 44342 40505 18801 4565 53812 32773 61123 8731 20289 53703 35284 49170 30774 2425 8737 36504 42288 4677 53809 58634 7621 31121 22071 1701 37171 33000 64312 24418 18148 45804 20227 73 58930 23913 2353 23580 62162 23750 59038 15510 63401 1784 17356 11205 48564 9719 25707 35378 56039 28739 57109 59084 42164 17184 47357 3444 50348 1736 27393 23992 6274 26135 11870 22908 9923 30256 43186 39834 
20642 4676 2841 55841 46240 2924 48965 2127 42236 24125 17062 14278 45071 45377 55037 16425 7121 27674 64984 59691 64203 942 58309 64795 35350 50642 5520 39032 51460 23441 16937 28693 60511 21089 33575 47903 31800 18963 62723 45000 54530 4441 40494 56430 46240 14895 60252 7576 30339 39581 4257 63137 26701 51819 11665 40390 55739 19849 30581 13199 48413 6418 1224 22984 35899 9529 22534 54581 54209 37648 17896 6188 20047 25367 41538 21545 28145 5513 48143 7516 
46512 9649 11687 21925 62081 3063 8519 60138 65390 33639 4075 12149 63019 46904 47425 15114 23490 51526 36473 3018 54419 24021 59756 2657 2920 56527 7706 56598 55698 13003 5686 33235 60269 10819 13384 63818 64533 31070 5736 61248 57133 62932 30025 54410 7863 23001 21708 57219 27712 57920 59589 10495 5676 46868 62538 36613 25467 2024 11200 33635 59219 42082 26821 31714 7407 56555 15914 52103 47026 61025 37113 28510 25034 45818 42254 18771 56599 8910 24647 33237 
22433 56899 20161 14677 7298 52983 8159 2375 39258 42108 19284 16051 53224 18342 31457 46449 41617 2552 44635 39835 33138 28031 41904 40953 38214 65089 13891 11272 49609 29115 56451 43154 58675 5768 52565 15068 59463 37988 33055 29429 31376 54795 60304 51213 22002 14838 22188 3632 64812 64895 58351 19673 3446 11910 36099 120 17029 35265 33033 43572 22198 61587 4497 64165 9198 2932 39295 58727 63359 34988 43678 10862 19232 48337 46475 30952 47204 26450 45714 35060 
25829 14292 13894 58400 10396 34855 44016 608 22539 11944 55661 43075 24453 29915 46948 63124 56481 15234 25361 30198 25414 37442 29712 7428 9617 24623 4258 27621 14683 25346 28154 4532 62122 32197 21761 64116 46963 16278 58522 3550 43868 10571 4149 16106 57500 28354 54713 34963 24262 39458 61172 19280 28618 17021 18007 42646 48013 52022 767 5924 32020 55211 31360 14952 29197 27072 55393 6837 8071 36665 38912 58760 57859 5629 17894 12177 44211 13289 1456 34097 
3579 44160 59825 24465 20700 22902 9510 55013 65284 4551 5453 12725 39337 44022 20709 23020 57726 52063 4081 19096 39646 20171 30481 58905 2785 6050 7960 4488 28652 60478 29311 53673 29970 14363 12422 30097 57716 58172 25716 36024 19980 52323 11862 64856 38530 10002 36830 61342 55609 15830 54408 42871 58095 59658 55505 21380 45321 18603 22521 14327 58780 60652 32238 42441 59174 10244 43343 12199 2332 36652 43844 43541 32353 29153 40233 7974 45110 7175 15499 50627 
10538 20200 24061 40862 9968 45064 14204 64994 18923 60239 7034 62193 60011 61178 27587 40142 19868 33146 37173 60535 35490 23877 27832 14855 4952 29836 16219 2748 2831 23765 10703 1478 50013 40057 28166 59790 49055 56005 12768 23406 32197 19067 24269 64422 53559 16146 57134 13499 14631 43698 49194 36418 456 41136 15869 55429 31943 63626 1760 49059 55293 61658 15368 32986 19242 27039 54110 37517 47209 61502 21586 44028 57303 44292 25147 42732 22708 39556 13970 3499 
47714 1179 32835 50720 27801 63489 40283 7713 21504 65083 9249 27837 59226 46775 37381 14784 51001 36326 21777 6941 17944 61854 62354 35272 15383 54718 50195 6614 61585 4100 10154 34858 38477 54224 3759 5010 49299 39992 6141 21921 2399 32672 17363 32684 26660 30555 504 52115 21681 43386 26413 15955 18522 3003 48804 29605 2163 40698 60088 50072 18150 38113 4295 51071 46382 53864 44391 4850 40923 57329 61110 6855 19761 8911 5948 28164 30197 53072 39954 38897 
50349 13331 19873 32941 19756 16918 46488 56888 30899 3030 25275 3441 52248 45580 48497 41322 42065 45001 44277 21609 64990 9905 36732 17585 7625 40156 61165 26570 10285 36461 16611 16574 18127 42039 41673 28215 33065 19199 40441 33820 11155 62803 15997 36229 6741 729 43776 41614 40789 1289 29930 45841 26489 6933 6430 64126 41122 3656 63912 48204 64859 4808 51957 53835 37597 47440 55433 27879 59100 52387 14193 55616 11646 50548 21006 63450 5115 27640 5828 40073 
19322 30137 59640 46302 34092 50740 18343 30886 6457 3803 40560 64531 56469 26824 15735 48692 36299 33138 22402 46188 36218 28837 43635 35237 34847 8874 34864 17288 28447 35317 37303 33016 42566 43134 35503 10016 19095 8456 57604 61674 45585 17049 59335 63190 61822 43646 29555 9096 5268 8241 2685 48941 34049 46020 44307 60540 9050 5012 20699 45168 19928 53695 15345 2371 11465 46426 9679 25034 15821 15123 3589 22247 52930 11012 40650 50370 46255 39469 30710 43896 
44119 24418 10378 14517 1975 28884 40811 47974 27845 57517 19925 51528 57251 21804 16648 16024 38856 36230 37462 28914 58470 14145 54656 30082 14317 14522 60881 761 36745 39693 17628 32694 63720 24905 14903 25712 57218 5012 34182 47405 15496 6475 8300 7335 17480 29282 17858 53513 3742 36437 1327 33784 19370 55690 25533 58420 62256 58516 2565 43528 1998 57034 58662 49715 24441 8223 27347 17479 6409 30237 44975 40458 12737 49830 51312 38796 8189 14150 11966 31697 
56424 7252 6288 1287 51097 4937 46475 65208 48970 16764 42656 37842 50999 28335 2304 64801 745 14642 16383 41218 15529 27638 23969 18001 35074 18288 21630 54463 2327 64069 3623 24039 6331 61087 47158 26697 54099 37127 52343 35641 36304 55999 30729 7819 6358 46968 42556 65292 60916 22003 19859 37424 47576 61400 19232 5906 14844 30961 19824 64752 27977 3077 7408 1132 60605 14417 36551 20060 40964 53509 23101 53109 15290 29780 46197 16981 22634 60265 13076 49865 
22782 57055 25399 4281 14509 18470 14031 41580 12978 63180 49987 12694 5052 63682 28888 2148 47442 27992 417 33080 45493 13102 62375 8656 18963 31918 41686 412 3466 25857 41842 41728 58970 37816 11369 28190 7741 64952 17293 59423 62007 19225 47329 5820 31132 22400 43315 58964 54041 62374 12258 43459 42383 16783 32971 11502 11560 19646 20360 61295 37041 3800 31623 30132 2478 15675 26552 59349 42057 22359 55419 58406 50392 21064 2835 40024 21677 64069 18026 43477 
55059 19304 908 43608 36296 7236 30831 37441 22455 59187 51846 18225 56004 60400 36342 2861 34453 23059 25780 28896 25421 25779 21088 7641 12778 35675 41424 29823 48483 5657 1654 127 39977 12013 1563 47086 9647 27638 61353 52799 30217 13884 54401 63135 8424 52244 55873 53601 28599 27629 1961 37040 13646 34958 42882 30781 5263 8243 18149 13410 28290 19928 3503 58696 39981 61066 61117 54008 51361 17194 54166 57801 35856 11121 23094 6704 36794 65530 12790 32180 
6533 26982 40457 38224 49979 35303 25069 36002 22187 58569 22125 16692 2961 50267 61269 21713 20325 1325 6787 47977 16079 44679 26761 11211 12090 9456 40047 42099 40961 31023 43908 26499 61068 47142 43349 18557 17264 24670 6820 28871 26936 15042 36532 38555 24100 48312 6557 25529 18495 46444 17861 48490 37371 62124 32086 58064 40015 28926 56246 40339 14009 10688 15515 40524 15699 16702 38341 37690 47685 58260 25833 24911 16004 46151 2945 36171 37 29362 58364 9191 
45959 1279 59116 49858 8014 33038 55796 54244 366 46009 21616 12217 615 35885 24817 26151 58973 4085 58357 31490 47379 1973 43382 20575 62440 8303 12593 44979 58532 21958 49024 23837 49639 65313 29306 5634 26851 38066 48996 3935 4998 42143 36646 23849 31664 22388 18852 22758 36439 13734 16739 47287 56012 1925 65373 19989 36656 16384 10617 9514 37314 47340 25110 19739 56232 10663 15475 36624 15397 51098 51454 12808 8886 12384 49485 26676 14993 44468 48590 23782 
34054 64696 30602 62950 55395 6696 57773 4227 64420 39019 28095 50995 31809 3706 39358 42396 2913 17772 35320 42686 12065 48093 8932 59925 40021 29431 61461 57978 10756 3466 60526 30962 38700 48280 57663 63912 35379 40540 29322 44747 6564 64544 27602 48981 30715 18154 26343 56396 37330 6367 49901 35644 59900 24241 51041 397 57107 5173 4155 34543 53752 16973 35346 42679 48095 14646 29430 56588 43393 45886 40877 41776 40328 34353 30722 12453 20478 13091 38638 9598 
55165 28203 64947 29798 9236 6763 18796 18541 11723 59326 44042 36326 27940 42838 40858 52085 12977 22106 17867 19723 38355 17282 4505 32947 30321 63579 33712 4740 64696 59765 16099 5102 27294 56932 23789 43484 52673 21954 10576 12596 11626 57378 61681 47227 33944 36760 36149 7179 43518 65107 56494 28735 47634 42579 43664 42656 41395 2365 25696 38698 55539 49757 34809 63026 53857 11778 23682 36538 33325 10273 32662 34600 46524 5735 26112 59500 45440 31739 51595 38749 
20446 33581 45698 51203 28529 18783 52761 776 58567 8168 36592 45387 54654 1534 2061 9098 11361 33825 20320 47852 56893 26801 15368 16998 12305 21685 23779 42587 5389 27261 20845 35614 62595 7301 34550 53046 56407 42238 23503 52452 55554 57085 48419 64482 52927 6527 17959 53020 58640 27386 9184 35811 48661 40320 3938 199 41825 23996 23475 21938 37957 39917 27126 1881 39157 17391 25148 56346 39819 20122 40648 28823 60282 34767 63324 3976 60496 55573 59563 57928 
10975 6586 63722 34199 40383 63838 27287 21445 64060 62390 1311 28300 26849 12386 33627 9036 52820 53154 3277 63182 12436 13245 18497 62854 33929 45936 4024 29929 38549 32406 8930 45009 10068 49474 34626 57734 29778 50179 31620 48061 43536 53232 55214 48290 50249 49907 33039 36244 12759 15556 55228 48293 20510 30808 60556 4156 35317 23384 1735 45861 30535 40805 43868 15381 31857 22632 23208 54222 25050 997 22088 14826 27235 64903 1852 57826 25538 8664 62771 4568 
5220 32160 14390 23557 43125 54393 24212 56033 27963 64667 9943 51364 11379 61987 10231 41872 62237 62204 16191 40753 47282 50102 11811 25962 2606 63474 1616 42395 37312 11817 12059 47809 23097 50743 33812 26734 36666 62689 6240 14491 65198 58575 28377 25614 64995 38542 27258 53721 35822 30264 10585 58631 44028 12940 33799 57131 23343 21937 55738 65255 35536 42707 43539 12847 48230 44819 63 18607 24826 49432 48746 17911 10355 49359 2139 32376 58222 51905 23362 19460 
