30 30
57623 37613 36829 49094 54923 55304 6515 6739 64921 23607 920 62710 40898 37316 49527 13805 37795 27010 22266 40354 41556 26131 217 61894 18370 23600 33956 15055 19521 45946 
64250 26695 22322 8793 48962 47378 54217 62282 33167 5344 45472 18285 23896 13952 56290 53221 5100 43080 31922 51512 35167 7936 38272 41421 47820 63467 5067 34525 57472 50656 
18788 52917 17015 23340 2603 17097 43150 48968 56955 14091 49102 32573 54849 5526 39851 23454 21637 58554 30040 16575 63927 42053 26280 16043 44164 32473 6022 33566 44825 25472 
1637 20647 65312 12731 60470 32173 48868 15149 63067 19871 58449 41444 34805 41240 8249 32659 34858 16296 12601 37081 46493 64662 54418 6464 2494 58150 19736 53048 35617 24587 
35509 31153 6242 36346 44494 172 33809 10474 64008 14713 27210 25864 28440 47345 60528 26375 16387 19759 547 65414 48033 60699 64424 44633 13233 51758 38967 52196 62605 7479 
62899 22210 11496 60896 26538 4658 22685 54875 37919 3195 28017 2833 871 15330 43670 10083 57054 21084 5226 33492 27587 34714 60258 30644 30799 47648 23675 25806 14165 7515 
31450 45649 58742 7687 14935 7910 22634 15089 34770 59015 57617 1816 52207 12973 64441 65235 44962 23208 34917 31833 30158 25872 9130 49454 16516 51705 32906 40966 47806 24159 
59935 37949 6629 5122 50340 63086 46025 19806 22530 37222 30809 60918 60064 13885 25478 58225 38720 29614 61538 56167 6798 38919 16521 6544 9078 18509 23163 17793 19214 55084 
13242 61509 63141 47161 29855 11495 57398 58021 64413 19943 57115 21020 3197 32963 2597 62212 53324 33493 34029 37696 6613 4098 30873 56740 13204 19490 11779 26803 9546 63794 
30388 54671 13194 30230 47967 36769 6335 20310 23630 4426 58137 4865 56178 39032 62503 46190 32596 59676 7256 38809 40685 49890 9699 37563 48558 62463 51109 19739 39593 30157 
32513 53700 55886 64345 16130 58007 22431 30868 45734 53424 8657 50429 29228 38346 25769 43694 37925 35412 28159 40865 31206 7316 29953 26057 17016 47768 39268 59083 34664 40663 
24052 25030 24357 62913 46676 39503 53490 15112 37457 42822 26472 22934 56485 4786 8258 43866 60372 39696 13116 63753 59896 16824 54730 31546 54413 48629 54148 61595 2650 54271 
53359 16356 3627 40106 28133 49755 13543 28339 19536 59878 6860 47549 10048 49027 11046 28381 57716 56243 50280 16855 25096 27386 10652 8530 45776 50826 45676 50210 58363 9263 
55648 8982 48868 58175 22729 47489 55240 23793 27390 53675 65425 49989 65432 3247 40828 46342 38466 13053 13462 47018 138 58570 54073 62772 26444 39697 60699 11541 25019 1888 
19983 31282 31397 64041 24802 6912 6172 35636 13878 40524 18902 15762 27335 22172 30052 29091 4206 51593 30785 19312 11893 46807 46790 22099 58698 42702 16787 24676 53103 46001 
31490 43101 473 57010 11485 10126 9792 12362 39082 27704 2274 49289 34101 23726 22373 40119 58964 63294 6896 61763 9475 48754 3658 1036 57649 57404 1513 31641 45866 44415 
1668 29387 39859 25255 23925 57463 16318 27230 24249 57120 61192 34106 41554 34264 36965 34641 54353 58720 48316 58704 35236 61407 30538 29592 24737 11024 49907 57194 47513 26896 
51727 58359 54848 1183 24503 5711 58347 37581 59078 51594 51908 10377 59765 24266 24916 55006 50579 32154 45899 57716 61725 26169 52228 4952 3047 1764 21090 10851 55584 5823 
59171 32905 20878 23009 56986 39328 62990 40134 19748 31979 8874 5371 770 53767 11394 26359 42972 51391 19824 36732 3368 39479 25 21083 48332 25886 44169 63201 27087 34887 
53217 34995 41484 14999 39776 14936 19890 43127 32921 2636 30830 14489 5293 48684 1294 55895 40168 6512 41639 45573 49811 45493 6979 25661 51662 52071 52226 40914 50916 58129 
63228 34060 24125 56318 44921 51160 45664 54590 8950 20627 57489 17401 31007 59970 28703 17999 29514 64905 52684 17024 14178 1739 29493 34273 28774 34106 60664 1207 51996 63280 
35555 36908 25783 9335 31743 46253 45814 5891 35131 36061 33348 40890 3998 3403 10509 27751 30354 19278 56632 21873 51929 13407 51617 48091 16818 49200 49886 39532 10555 2482 
27647 63401 19249 48478 36329 64475 20723 13659 52760 56951 51038 53449 2421 58594 56636 54144 59935 7101 62824 9362 49977 33479 40703 7938 50397 41786 26541 27695 9231 47147 
54740 29658 6988 20312 8281 3236 62045 62770 60258 63540 4254 23229 60179 54457 65440 51801 34166 43041 44343 41371 45439 1414 41114 6824 22661 52384 43076 116 15759 22042 
48940 8845 136 55729 53758 12995 4871 60138 46857 58605 23907 2075 19309 22323 65200 27809 7622 25972 58071 9679 12828 55183 56863 2723 47828 39687 42615 57382 46627 56035 
8242 49408 10889 47359 53338 61803 46613 22468 693 40251 6823 48954 11056 14968 33959 61050 50763 51217 1412 21273 46637 63749 50955 2521 48924 23256 49911 2842 20906 9771 
50189 52475 33050 51685 20857 17479 35022 44739 61836 27113 49227 12800 16083 29716 20946 42152 29776 64930 43693 60373 25860 8023 13924 3914 54663 13854 11290 63077 53431 37120 
29900 51216 8063 51231 35115 3686 36768 14040 32344 12762 19285 13759 59582 48286 23936 1090 12624 60142 34013 7347 20311 39170 4130 5978 39963 20429 22659 28546 26904 13332 
21409 45425 3894 45564 20115 57264 55719 64313 55467 52116 52021 13648 15618 30667 46721 23253 6689 35589 53821 26785 27316 47824 45668 48768 16983 41588 32339 54979 23297 35672 
48891 23907 58012 60429 60257 57933 663 40638 24004 49316 44727 17883 57349 34354 38143 48890 27319 12227 43833 4993 11792 7913 5807 15855 45164 43802 4785 31015 48712 57376 
