90 90
20917 32338 9511 44319 23372 41514 48677 20698 30856 37196 4527 56266 25658 53781 6484 24531 33106 39479 6412 3666 22639 5012 36043 18989 7012 46972 22741 31060 45177 62085 24426 46395 25318 39670 54955 9286 41304 40538 41364 45737 59936 14262 7712 17994 8841 35723 61307 46318 30694 36175 18556 2604 44090 47426 1156 57628 18231 34048 9254 41170 13078 9862 14275 63622 34335 15212 37853 47554 57773 12140 43172 64030 30514 25041 26773 56979 59981 8513 18141 684 17617 4548 7214 22620 14912 26905 45350 2685 32959 57583 
47615 2911 52793 6805 22120 10994 46772 2869 57947 17340 58102 51341 19812 48290 10560 58460 7388 5665 3099 4367 18595 4681 63845 52722 10725 48288 1720 38634 52845 27472 60062 63129 13362 16096 5682 13676 51372 22206 34776 63117 35430 24969 15912 30209 63631 8543 34456 58959 50796 838 33622 44851 25343 14854 5744 671 3245 26660 58533 59822 51751 42313 11893 65520 46501 53012 61634 61900 17978 47866 53025 396 60838 26986 25014 53324 61691 38544 43334 2483 15541 35518 35020 25092 14326 49240 12311 54180 49718 7196 
43306 51880 3049 35388 14676 38896 55023 18416 60010 36188 30337 32005 20648 33880 14116 5780 8268 38475 56563 15263 29961 10388 4005 29237 39291 56470 45506 43047 51732 12828 55925 44099 48786 16014 62092 16148 49845 32962 32314 13309 15781 19316 55856 19661 26257 26970 13130 13000 34804 26524 8564 61002 17339 62615 45631 26764 60598 22998 21932 64066 62488 27648 58271 12485 10078 18246 23718 2667 51037 48143 43763 8208 38496 4485 52267 27658 9834 56813 36303 39505 48703 21612 11648 55960 14597 529 62658 46405 14813 1516 
2724 7210 22884 35201 40651 27909 31834 50898 31130 32029 62284 33945 15153 4181 40289 38327 5260 6100 2257 50297 15694 21939 23924 21266 62644 65184 300 34407 35634 15401 8295 57495 41980 13299 63176 30330 54291 15623 4214 25840 8723 57324 47815 49190 60853 53641 11421 58115 39419 8496 39810 8414 40360 30135 1589 31444 2607 51916 58269 6663 2045 45607 35743 6616 4470 54039 14808 33935 36238 41306 686 8040 55668 59417 59439 65032 46084 62963 15674 18564 52817 15814 48845 43741 34434 39839 36378 35576 26218 18702 
13279 26600 29260 63708 8048 35985 9469 44115 34167 52969 63760 59652 3756 34220 12254 54917 42318 2753 3917 63378 15177 57783 28727 47064 39444 61504 14558 5557 52075 48994 38791 39647 6951 30414 55832 61309 12699 21472 27777 9520 50660 11186 50779 29746 20782 51016 41300 62716 9819 37806 31940 63774 31703 42422 25113 7807 42607 16939 32838 52068 27658 62628 32379 13684 24619 4349 43809 36139 9778 57277 49564 64169 38294 14796 30470 42650 42906 20184 24844 43007 48625 46941 53261 14077 6019 56715 47417 35489 60334 1488 
56356 61032 64963 18453 8676 63192 38612 60866 4498 22590 36260 58 16696 42560 55356 54011 13101 60967 57358 38848 18860 34755 19408 53953 41356 51089 38173 12798 41967 32966 57098 22993 30937 10092 34696 61145 62559 15810 4844 46608 36879 34507 11461 4251 52512 55981 1957 65252 58249 40238 5387 30222 20534 37002 176 17526 46137 20855 50626 5616 53912 26847 5614 47716 45430 39781 36662 53577 38297 698 23866 1459 56727 11155 6530 34435 56196 60008 24226 59620 53950 12185 62810 39873 57673 19187 60188 31896 37170 64749 
52416 18598 17975 14386 64197 31241 63342 32534 28583 57340 53557 43384 18941 43281 31569 58501 35579 60840 11327 8761 49582 23152 12511 61608 23607 45966 16934 6015 42933 25150 62017 46342 45123 39533 65021 41020 20381 29862 23840 63318 25833 836 35607 51384 44535 61927 31622 5318 9091 51623 40222 50325 8368 447 33614 22272 45899 11095 35202 20024 22226 61722 45857 49790 34378 24177 36805 7995 42450 48382 2978 19958 26801 25378 59196 34578 35182 64177 60792 37120 60791 48634 36915 18218 47573 23754 10296 31381 33375 29594 
53305 28639 23540 43994 26508 59770 24374 25639 25177 48096 13779 26384 27418 53122 51674 15410 32462 18346 54129 1217 61939 8122 3030 17937 20015 25444 65121 32849 43363 57720 10809 53090 43104 44879 59017 46608 40550 65270 58060 46455 23679 42020 12008 42849 37337 6601 24510 2346 40862 64143 27100 60257 23817 11343 13549 25304 8813 18422 36763 42681 1733 39894 21803 55748 9333 5859 50329 62467 40494 57183 31762 56189 30956 34380 64605 14578 3476 5098 36787 63620 26005 540 44134 16072 42238 57652 1481 50273 62889 41085 
25913 13686 58224 42424 50337 629 2407 5136 5745 35448 40348 15963 40788 54520 22366 19044 60471 9396 34060 34769 25352 50781 49234 11583 7972 29608 53223 6929 2755 13765 56938 7432 22284 42871 24150 15031 49108 21546 43516 57104 9047 44472 33545 25385 19090 44765 24370 51854 58574 43979 17019 22595 23770 50427 16906 48043 49375 24109 28011 25878 44313 13285 22843 39347 43856 21779 51068 55523 8691 19771 8073 42123 59861 59367 3492 18369 33534 62029 49210 17054 58838 15950 4593 48712 46050 20033 37882 41095 35747 56089 
39074 38808 31555 60661 65359 41888 24493 48328 27909 10360 12308 12882 63243 18214 38806 52173 46410 28205 3464 6841 38056 1298 20982 50233 14923 7716 5383 62645 50802 64655 57656 39390 15667 2146 34446 35821 51952 45253 18860 35284 62007 21236 9943 22511 50124 15083 54592 18630 22514 19742 28564 15786 58097 51391 25006 48705 46018 53490 13004 42863 4879 52359 2136 25006 41285 58149 61281 41484 2924 42849 17635 62237 60694 35642 62546 7922 48237 18791 46044 65099 1930 37798 45037 58545 32709 51594 30042 33018 45441 12360 
49825 60082 48498 12481 58609 43280 46859 9749 43641 49497 8434 54714 12453 36 58178 182 28897 5048 41618 33745 53352 35906 22557 50226 19977 7548 35074 44429 49610 10963 6048 1496 50179 49116 40847 44657 32208 57765 16171 8895 19483 412 23795 37369 42087 59438 30430 34706 63552 34579 21270 28850 8196 39131 53976 29020 52064 42337 21528 37996 28377 8582 7138 51201 55797 11734 19439 61063 15363 64658 35187 18847 38464 4021 5848 9453 53550 26323 25915 59670 25477 13829 15145 50991 41110 42484 3317 51929 44883 64440 
58087 5515 31293 20948 35543 36741 11483 56318 38059 62610 41167 27314 13886 792 5917 29618 52982 29504 56779 27642 24150 86 9251 17560 43384 27299 44814 51907 62067 34999 15571 49746 59529 35890 32176 58378 48746 1424 46149 28818 58735 47699 35949 31244 25399 38272 63696 13852 30755 1660 50117 46934 25658 23928 19075 14148 28389 61439 53959 14017 39765 48982 31331 21994 59837 20684 37895 62196 44072 33262 12850 55785 51848 6729 63536 30504 36085 6783 25742 31879 22615 22865 42533 5799 51659 3639 44800 32410 14429 48181 
50591 6894 21267 33592 19195 46185 40225 41037 20491 4706 36850 22549 10218 34787 65082 7488 4995 54471 44701 64360 32155 26747 14473 65080 43748 1509 21329 33449 3981 31917 40092 6124 15081 64615 32687 37213 18585 19301 40676 63329 10916 30363 20150 50275 44271 32175 41714 5193 4212 61567 59549 63346 9194 35630 61432 22488 1051 32905 63093 28467 9763 1247 25375 9132 44583 7057 45645 12949 9621 29237 31995 12478 8253 23752 18234 6631 47499 8831 29552 64722 37478 61987 59833 16152 12990 45990 54903 46377 52968 57704 
26089 30383 30510 27160 65165 16968 13064 13254 44562 7430 46275 62881 199 3400 9995 46622 52441 45035 16124 20528 8601 51209 31990 35240 30076 22877 46986 56220 59307 32688 43704 7531 57217 34552 56801 49299 60881 49161 28657 4297 15289 59689 42869 40888 45520 13399 15130 53481 9754 6026 57009 48638 6623 31360 47600 24280 2808 36951 52670 23224 43708 55621 8630 27590 62379 49610 19569 30055 13275 64573 61171 22924 31637 32358 20254 4877 4509 54306 37779 37391 55635 58350 29751 12149 9085 48533 3552 30859 54684 32062 
11269 35146 2851 50224 28142 39832 17220 28709 64176 57238 20825 11689 49381 33599 3921 42184 64021 42861 20130 19901 36949 50130 29106 13005 50032 65145 13052 24985 62199 40344 21732 25757 25912 10044 50052 18318 3713 6809 40076 29028 2093 38906 35139 17176 199 10117 20505 5189 13928 26811 55246 48443 10391 59511 52005 54992 51229 47010 15957 31363 20102 29556 9415 8488 59041 12379 39946 21779 279 28041 10577 30257 10792 17041 22431 16593 7714 6131 40295 7728 54051 54608 47517 16075 11185 11045 30877 50538 36663 21523 
26799 45927 50233 45518 46977 15710 35853 4651 14083 47697 34885 34358 29653 54134 13887 39227 491 54233 62729 33668 39036 55512 37967 53536 23453 38307 17477 26334 64251 6647 48580 43527 61351 23886 3121 42373 26122 62486 59896 2206 33463 51553 36686 30723 53215 54418 60854 38882 5526 12105 16491 6092 24877 11346 36534 16330 30684 29652 8593 55642 14972 47584 56276 33995 20325 7141 22479 24422 24086 26239 36097 58763 53828 30181 48720 60149 25604 21124 63421 62625 49408 2009 50177 49031 10720 5673 16786 648 1011 22385 
9445 56816 23941 47088 63085 19591 24642 5539 2939 3768 25811 16206 34908 52579 7118 15749 43827 14007 47604 13990 50134 1451 45324 48883 15841 59664 52017 33564 23791 25407 40542 4720 18813 49052 61904 25543 22856 7048 17101 62284 6637 6925 5522 58942 61476 22089 3377 63185 62596 59733 46433 43964 43978 52060 16682 29443 40719 20610 28119 4289 171 62473 43378 13086 43639 35306 62131 50793 15181 30927 9991 11775 9260 57694 56961 26037 12469 22143 42979 36066 13686 21361 37279 56266 46315 54132 56987 37391 212 7756 
8018 18124 29467 37179 47536 23664 16054 56800 19809 15344 60253 44235 35386 59882 8403 18968 2462 62992 25117 33794 65345 50594 21757 31810 29711 4990 19895 26451 31011 60383 47522 3589 44149 63743 39389 5360 44656 11999 18825 64255 7866 49346 42384 48724 26846 23803 5192 39613 64796 33734 4679 45126 12742 25989 48834 37506 64550 12155 11350 10281 41868 65442 16925 40134 20390 2727 61599 58859 46603 37344 18233 55794 6722 33068 32670 35848 3816 50664 11828 29858 28663 32840 56527 33807 4895 41314 13950 10814 16056 48689 
2030 17865 16900 11919 56317 39075 20304 26235 43014 32561 56209 38129 8298 25294 46618 58592 31987 21483 16991 14535 48711 21434 26074 57753 47561 956 42792 54861 28778 14809 30571 58802 47095 49631 44048 34709 4269 61444 33776 23839 40541 13133 15027 20235 45579 27862 6015 61565 15726 59510 30178 56927 54527 7949 5446 30577 57356 17025 45013 14810 54546 16316 40525 23787 63006 45736 49127 60745 34999 5480 27979 32364 29313 1620 11749 45931 39081 2147 5131 20587 36564 50168 19605 41868 45491 7752 58254 42508 56132 7944 
19176 60092 64740 40499 42883 35551 64008 5140 63847 21441 3902 5905 28685 46010 48212 30983 19097 5058 51654 34352 32338 60936 15706 6816 8543 41784 42346 44305 55758 40988 34147 19977 27581 61789 63087 9011 3644 49022 47533 23244 52032 17827 22020 62966 44085 54534 18793 64 63209 17832 62506 45535 38783 13876 49817 4227 59456 56947 35130 15473 24597 1332 14511 29049 18319 8296 55564 20939 38265 5839 23817 31449 17707 56378 40325 52473 5573 9511 51502 57901 39491 32475 2552 15870 12501 18072 35596 45184 64900 47697 
58622 11980 5661 50440 21021 55013 27463 3764 8143 49675 38784 51569 12331 23553 50675 54217 286 11887 21357 13091 35874 24065 38342 20160 55816 51546 3026 58356 63568 17528 43912 45287 32805 4919 38321 28088 10104 15638 26719 31980 32277 62603 34552 4006 36744 36321 59649 34240 42012 30152 52359 64118 37871 16440 22303 23250 5177 12533 58923 61909 26823 12672 13049 65456 17305 49496 44519 26517 28751 14264 24263 32720 48666 32554 61464 22849 23916 25320 60621 45441 20424 26732 3354 34376 31424 53665 35740 33994 55575 38641 
8379 62758 27991 4851 5661 21289 63658 14930 61730 40323 26743 15711 47039 63932 20939 46860 62153 30590 49938 56198 45561 24435 6670 56026 48047 3234 62274 53402 22154 26483 40882 64329 4958 55570 3475 16037 24402 6171 37715 29808 53068 29157 29332 6702 11977 60872 42011 28187 9316 11618 26896 44295 34240 40608 10419 47746 65482 28665 40631 59347 46424 13289 14175 29065 35812 9650 40082 24766 27157 57459 37002 56984 63894 12296 7792 48305 28918 21505 14462 725 13102 1027 6486 33035 13673 60450 4928 10392 20812 44401 
21994 26600 59247 16578 31801 52564 42526 49505 45497 3348 59710 58119 38345 25018 28721 19705 22154 64208 4494 4284 36749 32414 1860 39305 44828 37788 55383 56420 50320 64239 41886 47542 5829 63904 46214 23019 3444 46011 33524 35941 7559 49996 28827 3829 61647 54558 12320 9497 33803 41098 20212 35352 19440 24321 60631 21828 30303 47965 7170 59912 18875 31241 57578 39847 29424 54355 60741 47970 45116 18325 18527 36120 35582 57503 59723 10732 8652 63916 40152 58150 36235 23592 4674 34619 7239 63772 16588 20949 49690 45408 
31745 15093 8329 24963 38834 59822 14490 61981 37336 48433 6775 25005 11865 63149 10157 24675 29183 25033 21108 8610 33321 19810 56452 56195 32391 63425 26241 39345 39804 36690 38146 27929 5510 43449 51087 64906 27831 38029 64757 19051 9095 33861 26788 61719 61588 53653 25279 22880 50757 35829 50080 10690 63345 54315 22641 13021 71 44787 25121 48081 54938 27275 53665 58786 46411 36317 50795 13686 6835 6772 54111 47764 44273 43647 13096 12041 7314 45783 58315 19412 40905 8017 51950 10326 14794 1830 35556 18559 15889 33570 
43572 63907 56856 65353 52042 29926 49173 42472 16813 27876 34091 48784 59863 47507 41917 53124 51706 45405 14660 48065 53842 59128 29502 40228 63894 24647 11803 57275 7571 37480 22299 28903 422 62928 770 45311 28158 65446 37379 25092 52896 8934 60076 62945 337 9284 24139 24798 58096 57245 24239 29993 43255 4388 10255 15478 34090 47284 8152 23196 29482 13863 1974 24799 11720 2672 17677 8278 51480 48815 10200 24634 49964 51395 17527 58724 6915 60062 24769 43686 58112 52102 14521 58832 52546 64119 33973 40089 15208 57116 
37472 62800 61209 18575 33018 45058 3831 17749 54090 47164 25045 391 32831 53096 34039 42517 23931 60702 43953 10364 63955 40934 40610 18668 57432 6817 8256 40848 47700 4189 27258 19878 56385 26841 20471 29342 61084 42922 41933 62611 35629 38282 2490 51949 53815 42580 9903 10894 34126 23414 36344 1846 26992 51324 8639 58161 48769 13413 35902 56920 34403 13370 50649 30151 35451 44101 12187 13979 47869 31685 38785 16763 46439 326 19933 26117 61839 37998 32763 12916 2889 9392 28358 18888 43065 49891 29666 11609 24090 54387 
27578 12407 50521 43575 2672 3442 34599 55611 24667 43686 23691 33345 48255 24452 35695 44173 20784 30633 20286 11320 51906 24247 34229 53912 63880 48521 2015 14010 2704 55724 4077 28689 13913 34397 42138 36392 440 34526 5376 39025 25303 51365 22622 3077 23112 8829 57610 37784 12145 41405 30906 3140 60102 33343 12018 35180 11688 15158 60783 46057 49517 49713 46444 35131 1143 40509 62913 48369 37919 18618 38805 5788 57147 61245 6286 1643 40400 31140 49111 36392 23585 31859 31189 41145 58753 25718 46778 18030 28812 38177 
51543 25880 37508 27203 54942 30599 63814 53511 14223 35852 47147 56521 30862 57505 40457 64698 17127 41248 49176 9622 13859 20745 54922 7588 14945 56595 43746 55916 30089 4630 55759 53155 39215 53645 8760 60561 53082 4797 65197 44267 35874 12509 2589 40062 11272 32082 18392 33130 24292 48648 30830 59296 49033 35100 23120 23112 59211 58608 13460 4281 36551 45846 30028 4947 39925 22209 2704 29385 25714 46878 27311 23727 40123 27966 20511 19371 59289 8120 40391 11217 543 59422 34640 53941 1217 64083 22730 61828 34015 27336 
63842 51838 48024 50576 6024 39466 17205 42475 39298 20048 37315 62180 19077 63946 37817 43580 48822 33140 56499 48052 20966 53537 11500 61916 14459 55602 59240 55138 5246 52925 32399 65497 20822 54460 31304 5771 55028 64488 20127 37595 54472 5270 41720 50800 34346 50071 24379 26719 43396 1068 1502 41699 1561 30196 24633 45832 24967 3201 65224 28659 57893 40269 6976 12253 13406 28247 55919 34631 11355 29373 5236 56594 64485 10682 59981 55886 42526 25991 21577 46681 1175 2824 45547 56965 54178 601 9869 13638 14956 30256 
29777 45122 6248 20068 39506 1489 34719 35811 38967 1815 31031 57066 55871 11542 48997 11371 37493 62256 13697 10287 60071 21809 6305 61842 27230 36987 24775 19621 20834 55268 59472 5016 18384 45811 39699 8555 2424 42417 65410 37224 47521 10540 23552 25072 31192 36989 60347 3783 40638 21473 24092 14948 49876 28561 23653 56688 43244 30558 11434 9451 9130 39577 40765 56822 11403 62559 1873 53699 41609 3591 59079 8399 12962 37824 18888 65343 33225 23920 20430 50359 36422 275 26335 41481 53037 34671 1273 54057 63585 2309 
18941 12001 58892 52442 12722 43792 45162 55141 16073 52637 34699 49535 52540 45886 1928 60560 32623 40200 38295 21327 42061 30861 13479 57865 30562 61467 9834 60642 58517 57257 19173 6942 20947 14426 41905 50327 56260 28072 14123 17455 39044 6150 22990 55777 33485 3094 46805 15989 53385 26430 38120 8479 19187 61895 64607 8771 29816 50713 52020 13063 4570 65176 7320 23252 62659 44434 19270 29802 54105 25812 7742 1741 32991 32865 9065 10637 52978 32643 26901 1635 44885 18811 55959 17229 16141 29245 47340 27509 16786 5162 
42830 23508 30442 47233 64289 48297 42405 59075 55528 216 44809 29866 46832 3214 36754 37475 61126 30265 13065 55781 28874 47569 59188 32128 18554 53225 17697 7706 4627 8926 10609 56197 52040 44312 35619 63941 5760 38529 5578 48601 42465 47631 29292 17295 42132 25723 53473 49642 23696 57661 60484 19339 6665 54678 35735 2112 7825 945 22359 25573 1245 3965 63217 53489 20344 7642 38923 62722 33226 24609 15309 35099 61401 11990 5010 38355 52707 58103 57905 41903 45360 58379 48197 50882 12511 23802 62313 29517 30485 4917 
17401 11561 45633 38884 62768 23926 7061 598 43365 18078 13284 46997 8282 31763 12478 47030 47264 62355 13076 29283 26479 31654 58938 46505 49652 12799 32731 51333 2511 54180 11567 36301 19185 17890 37073 5131 33978 23570 64687 28312 50935 48834 28780 35900 54789 63703 41087 57913 7096 4700 24778 13349 22870 39357 50864 36900 35074 5143 64743 60626 54383 3803 62754 6495 55160 55484 57974 39792 31858 41359 65380 61524 19260 55370 42347 59376 8309 36760 14174 46537 21980 17117 59249 62247 25832 62066 32307 52076 45568 18798 
28140 44687 56905 44853 6050 55852 7127 64368 61838 61381 35034 49772 23835 58420 34165 61421 29150 36962 21823 27713 17939 13162 37681 29444 16006 13257 7648 18386 30615 47969 24264 40890 16832 32845 65268 333 33463 30544 16907 48777 3342 31229 9639 3012 46173 50906 7268 60675 38160 38556 36754 38104 39428 13992 53443 47164 20829 43124 35343 23618 23402 6408 39847 2589 3976 51153 65179 50319 45794 13707 35722 50015 65169 29554 23696 22666 54836 55065 21827 63806 46577 54586 17261 50196 730 40555 35872 21657 28840 49487 
22476 21674 55395 28076 43480 15074 53788 53274 48011 8627 61834 4245 29940 20300 62425 3578 12785 22975 18816 8205 21465 54600 8802 9378 3950 31723 54937 60596 32569 40119 46759 8693 2343 13975 59635 12337 7317 34351 7839 52882 4708 64859 24889 30213 44445 26012 42662 33065 50172 26813 31185 63322 16993 31826 30203 43319 31023 15990 59618 22198 15855 60229 6491 28885 11953 7973 52683 27714 47972 64838 8313 13094 36413 15446 55708 1975 45721 64319 1656 41167 56210 32362 25936 11960 5202 63749 29825 57560 14506 38821 
48241 30805 50061 50977 58980 21823 29793 53651 21008 16112 36828 42030 28763 38328 27967 44734 31026 48899 22702 13249 15686 55513 9849 47099 45693 27439 19550 53751 3316 15178 17100 6673 30458 11080 11307 38810 13162 32369 40333 54656 61236 60306 15986 12765 19365 18195 21423 10457 18164 50156 64187 27879 41938 15044 15030 5602 28174 57481 26713 59069 20980 5399 14961 20636 32864 43264 29651 33128 25454 13656 58384 52232 52216 38434 31517 2380 12354 58748 64069 47304 33448 32553 64618 10159 33246 38485 52906 61275 58231 1917 
5534 9147 7587 20785 14295 46964 4873 40520 19721 46501 57736 32187 29006 25238 13822 22320 5888 43241 31753 24813 45146 41093 8481 48101 54460 41884 63400 22585 26563 47665 6332 54363 49443 48985 7732 518 40583 16721 63675 6398 31666 54482 56146 63044 58744 51456 32050 65276 36001 39283 8465 42277 38947 33466 36913 11359 10853 47746 36385 34810 6605 46930 45803 45483 55875 13224 9813 48663 59491 3370 46592 39233 55712 22221 58981 45785 43341 23891 33999 48963 36 28732 49953 61967 3956 34133 52664 53639 39041 7457 
13835 929 62455 7315 42106 37240 37053 12462 15711 10390 18750 49144 11026 37715 35836 21556 7674 32372 48497 40291 48086 3310 4462 19488 1325 42102 4989 16828 5436 40410 32083 53975 47470 260 702 37993 28595 29038 52999 61866 33806 11255 49954 7887 59356 62006 5236 33902 54159 24489 48819 22721 33233 49477 24592 43008 54899 55127 40378 5769 52545 19022 65160 59764 2697 38061 7517 16136 19285 40561 63014 42388 44124 58027 20993 55201 60383 45948 10281 64732 40482 12598 12262 60017 29335 48949 14751 36119 61859 21998 
9582 8793 17441 17214 25423 63318 58882 49535 43248 32634 11486 45267 42258 51899 13519 46894 50906 2989 12283 44117 21919 19625 50580 35154 56612 50473 34542 58297 6980 32276 11012 46120 39296 22717 14983 50123 61005 36873 39555 31626 2350 25521 3833 25645 4518 46071 64629 37042 30266 49011 9322 36764 31695 15981 49416 29920 49204 50721 4836 54544 15253 46201 21450 28782 20290 17532 56465 39410 30629 57109 17918 30247 19382 23054 7516 41004 19348 64516 29394 63283 52290 19098 31102 37208 24213 48853 52230 20906 8526 62535 
12672 10849 33982 42471 28978 46996 49038 15458 5413 45033 41293 54113 4554 42222 20567 9552 14280 26459 52569 7058 29352 60064 60228 23228 53216 58363 26561 64514 44847 24780 63410 35444 3338 19223 53336 61828 33424 26342 17878 33172 52583 26391 26729 31421 25503 49485 17526 31904 21462 24505 48187 36202 31242 51171 23376 1559 32085 1962 29440 3134 31706 64317 40131 41004 23715 20370 44745 42435 65329 13513 48805 59031 48564 52114 59626 18271 48855 9250 38658 64232 46991 60896 46285 49927 32526 32693 44442 7974 64848 28214 
53962 7942 25283 37570 49482 12285 59171 12974 27456 47977 1269 34292 61009 14887 4771 26948 36862 7224 56592 8029 51221 57461 40728 44308 64442 56138 62482 6364 12247 57222 60909 25859 9818 52241 25989 34772 64619 12141 3795 65476 26672 51803 9976 51947 63064 33743 24345 6780 51821 64597 30762 10399 51930 23233 11395 25607 32027 34421 59146 13899 219 38342 59882 62293 45632 37233 24943 34308 15016 60045 48550 64020 44471 57311 57881 34518 6013 26835 9930 42774 54199 31354 27613 2919 3040 58900 20329 53321 53384 17880 
886 62081 4861 21155 17485 47670 62049 44287 56229 22991 7379 43793 59708 22547 30962 31799 57504 7373 21750 20578 56751 38153 65045 34262 25680 46665 36559 56572 42473 8919 37065 19198 52196 35854 57820 64491 44703 41798 43508 28701 21910 47387 3532 39761 20502 54545 6403 31665 10915 54212 4265 48702 35594 20081 40017 6899 58442 38849 13549 52324 49962 17282 38728 5554 40506 33952 51230 5766 6404 27257 22609 61733 24406 22930 23301 54655 20800 47537 24982 60483 4888 48312 12413 14455 3124 32334 13796 46700 42048 8795 
62019 13592 10790 31202 32094 23005 6250 14696 16912 27520 47401 54500 21612 61424 17652 21839 62173 29986 61411 18798 61281 61923 14001 12119 12329 3538 22747 39267 28198 53639 58176 13237 20642 30902 31672 15179 61911 4759 55158 47081 23058 54977 60419 41623 41999 20992 65040 50274 49226 15345 41507 56347 31075 31451 7821 31119 13596 33539 52588 13133 56958 30076 59342 23165 60966 23227 52233 39883 58662 63760 57156 56910 61482 60298 3356 329 62446 38985 21813 21694 53422 13624 38159 30399 34129 9086 45305 30117 26907 9835 
1762 19730 513 31746 10928 30171 64436 41272 38862 8581 13064 198 33604 27996 64189 38164 16804 24172 35675 61959 33279 62115 58641 38116 53896 44449 31089 9537 40331 29995 49976 32349 43748 49744 52026 28424 61234 53486 55850 35081 16930 63763 60959 24376 33898 53063 9670 53576 55346 53414 52514 44993 59413 43384 879 37183 5694 54126 33357 30656 5365 15900 16353 8156 18372 45157 38628 53005 33853 28957 17415 28108 27997 2179 57583 38541 50978 27350 41870 54521 48788 55077 6979 35969 6968 37054 33035 3140 14209 16411 
15075 40679 36511 31882 20929 30098 35679 33416 2053 52813 47414 33198 6705 42900 35676 30010 33785 63203 47739 23165 34917 6864 34567 33087 47954 17727 63600 22675 40274 27481 37521 58031 36839 10341 44836 29085 34408 2748 31518 7297 56827 15650 20289 34425 50794 19553 15842 910 51711 4082 11131 44719 25683 17201 60559 46020 17214 3723 37226 12455 28258 64932 33974 60519 56737 8430 16124 45031 3365 3682 1874 2601 31140 49779 14714 21886 23771 38293 25873 16919 4507 6754 17148 11122 30784 25086 2471 30062 23593 23612 
21866 30147 24209 5473 29134 59726 36127 23441 16712 2478 58512 2335 15703 10269 58895 6940 35792 65096 40474 61616 49317 330 64495 302 21773 60131 62502 64991 4207 52465 22630 55419 24984 64442 63321 35861 32923 9615 61956 62515 28779 62666 38352 5025 35912 62765 30809 21402 21092 3425 44768 33787 25801 39212 840 33980 1576 26340 59288 45880 11710 57330 21323 27640 15584 27034 36284 4247 17551 11707 53795 13929 11313 36658 3976 14564 62888 18532 13171 21755 19281 33026 28101 9797 58439 40325 437 23303 33090 61026 
10067 32533 30212 26775 16720 54644 34108 18990 34613 50494 51289 48849 22211 61855 16453 36574 37610 62518 46634 32705 60088 46404 18803 65201 13422 10036 7686 60196 44597 18548 49988 13473 35741 39057 25649 15197 49556 14854 16470 46348 16915 63038 16193 5239 63848 56844 58381 62666 32472 31940 17799 12486 515 51123 21204 24990 40350 63646 35312 57383 411 25364 1703 38607 44237 36031 6364 23228 51085 21064 8322 21774 54072 29192 21642 54276 49503 2614 38650 39292 26969 20247 24483 23854 3808 25385 41185 8279 30570 21451 
16167 33250 4158 43983 34023 24433 41136 5124 55078 55182 20866 13074 44810 55662 3073 3644 63607 51835 8881 14425 29209 13864 44754 1796 46884 37953 46124 48074 37629 56555 39075 6387 48069 27774 3125 59749 33180 56643 37086 58494 10120 47814 62627 24970 35494 42886 179 48633 57869 28699 44736 59044 48518 49431 383 35420 64076 2146 1691 46203 22217 22488 9273 1360 11284 2416 17446 27571 10071 17366 26432 9747 31637 7825 18918 40700 9775 56612 9483 60789 48648 38470 14975 64358 831 65238 50158 8061 9624 51372 
23734 63574 30663 42511 30627 62243 39590 3930 47158 7917 62153 59630 28356 54060 37976 27099 25685 8981 48262 57483 9627 50100 46588 2992 33157 29789 62862 54889 38483 19666 52647 22615 42654 59179 48466 64687 29493 17577 54357 38050 9162 6989 51897 48641 42644 45302 32388 48431 42714 58108 60388 51286 21538 25191 15126 29930 8567 22166 17209 10184 36372 12159 11984 32440 2021 25999 49016 62197 33010 60162 41940 63854 59785 18065 42200 56896 21759 33101 9402 13872 17335 26431 23309 38222 33736 32179 10302 50305 7158 28712 
56429 25415 48496 36915 39114 2879 9994 35199 38858 11528 22720 33821 6125 23275 2887 1760 38209 28431 1554 15793 61954 40658 37398 59370 46315 26358 14551 24729 42462 20166 24008 21625 50430 22534 37799 32078 33956 18438 33859 25031 11874 56614 43607 2347 27753 53776 26442 33670 50388 43368 61698 60552 38141 16424 62002 46314 14065 58781 37029 4555 21934 298 26597 52488 29943 38122 1007 14459 38625 30861 57876 12441 7240 43183 20371 10669 24824 9414 56364 39095 50196 16076 20290 9436 40432 18494 32973 18666 44028 7348 
29943 49444 14184 54822 21784 48480 7894 58262 17656 14906 10637 53936 12940 27727 4558 49710 36740 28653 50266 36796 44769 63336 61077 24247 64311 5100 16776 5614 43115 65494 32816 61593 872 21986 45161 11818 3135 12709 32930 44804 35154 11399 26721 11308 13343 40305 44096 60930 5317 21776 55599 21640 58293 56630 36359 46042 3851 32257 1106 37126 46152 35652 1597 1478 61971 9288 29535 33395 53562 59565 61911 30920 43229 64321 5571 38594 10894 29308 62992 34386 16661 17690 36099 32820 41091 50395 15780 52053 9811 13706 
6358 23726 50637 6321 6136 38338 14578 12834 453 40798 60492 20728 8031 3869 47399 40599 64756 22316 28109 58247 51379 26050 49512 45652 50725 29128 5270 42958 25283 53433 42301 46800 44408 3944 23703 58329 32837 35976 27679 47921 39083 25096 14191 4824 3234 23781 47888 53664 3518 45150 47770 48762 36240 52802 38738 44630 59872 54902 17662 34948 54088 17179 39949 53149 12237 8662 22186 26016 37062 64938 32924 16015 54743 38343 37156 23714 34365 6802 38586 38149 4825 29382 38767 62833 37247 16314 42412 44483 50694 16956 
32462 49018 23629 11533 52136 34536 27596 63852 54451 7445 19065 62340 7625 40044 28657 13047 15756 62878 53898 10241 37812 14443 55631 58990 17558 57431 386 38956 518 62164 8532 29637 13345 27891 47710 45577 55834 38794 23142 16403 32912 18954 13186 27123 19686 47268 44336 47566 51502 53304 13781 7670 18328 54876 56057 25447 61480 59014 39103 4613 13948 13286 63085 22895 51587 45961 31699 16405 971 9714 20447 39188 35464 16341 59282 49186 9633 1084 2908 41161 26584 17212 2725 62080 5980 16428 22947 43581 871 52882 
50054 54048 17250 39268 32707 52889 43868 28255 33150 37578 5056 6518 7693 58446 10845 32063 30871 41111 37537 5155 51946 36292 38883 14226 45276 46479 21011 46696 57551 14522 43174 34319 32108 363 13717 48221 14901 1653 61554 20597 33003 626 10480 60715 1096 18641 64777 47782 23548 12834 30443 36547 14171 625 14346 23255 6321 1956 24302 49761 2965 19339 13242 5085 18999 2417 8881 64628 24818 40498 20304 5264 38716 62212 10348 8071 48412 57666 54603 34354 47961 13948 39586 35237 22792 11961 62145 48275 40255 27983 
3665 15378 16489 55418 30496 62165 43605 47271 40546 57219 44222 12054 34544 15427 54028 34923 2715 43086 32923 17189 27595 8710 53632 529 11661 55571 23958 30515 52622 12323 52533 34713 64315 760 52493 27837 969 3187 28153 49651 20863 64584 20346 12366 1921 55069 14451 51099 41243 7815 36710 45126 20052 54924 15203 49306 25695 33256 30239 398 49869 57921 49825 10889 50719 46327 50675 12001 36537 33580 22442 1007 30511 34957 9349 11837 5093 41309 43476 52876 24095 17535 6397 32514 58579 9509 7399 37374 62972 1386 
8442 53772 63951 62029 15801 8663 25328 35649 37903 57862 41726 23800 5630 58228 58837 49486 62869 41608 45055 35159 6942 26123 31442 19293 2997 30507 41684 51365 43674 18469 43110 21093 60608 62874 50340 10603 42482 27385 2804 7206 30059 9250 40026 36538 61957 59823 19562 57863 61286 25658 562 45655 56495 13581 40501 40347 14525 56310 5186 21257 62989 29950 29758 15234 59528 28649 28056 6508 37081 61361 1361 3647 63608 16939 40088 46333 4976 59740 43006 59090 54092 37141 19268 35336 40282 43122 15397 7120 31356 39982 
40572 37965 16099 29696 9335 7271 7329 62063 24634 38017 14298 57830 1462 62799 6026 27442 31046 31078 24301 51936 35989 34053 35014 53134 58697 31784 26696 61163 56901 49723 9299 1518 63877 18348 21850 60169 15761 51339 24115 34531 12518 63823 19045 9810 50587 16709 61879 6545 25921 33822 1518 13763 47342 50287 7240 7022 57691 57552 56262 36545 29427 16856 29752 54389 58143 47714 23476 17221 54083 10222 57525 64111 48524 61661 31279 37005 28438 26113 12888 29594 22046 14343 44730 63297 8590 2061 62719 32226 30913 28326 
29097 24949 8121 31882 6644 747 52090 32955 26222 45407 62453 60761 48509 25982 33115 41179 41584 65528 5601 23838 65472 24632 54174 61366 12582 25768 9766 22415 13582 14241 15810 27383 32205 60346 41880 38543 52411 31214 3524 35764 22120 19429 31819 32550 9946 4634 53703 2950 36649 11051 42645 56396 2285 18417 52610 37907 2607 6412 17848 21739 38869 41759 14370 52009 62723 50695 4263 23699 38525 36104 33632 40396 36000 24014 11786 56001 1506 23456 58979 29474 58886 12735 34802 42044 62137 62942 4846 41311 22484 61804 
1954 32791 14938 31429 59841 24706 47397 29469 6836 3032 43630 5683 755 15901 44426 46938 54079 58239 34118 31641 27936 44507 23705 3353 56233 3580 38876 52801 44441 35021 58895 16021 19220 49657 45997 12625 26912 34714 19737 64805 23483 60506 49441 28766 47165 16212 1168 38137 27197 37074 55313 52141 24665 28149 12913 1721 34517 60862 306 64328 43300 2422 35631 13961 4244 40329 63060 24745 44288 8845 23242 8861 35974 18491 38170 27752 9019 27916 44401 57284 9506 61490 27022 34095 18962 40874 3791 30843 13531 32516 
44457 39338 1363 22129 1549 62417 64856 11325 2887 60807 36647 43769 4016 7637 52969 2187 36733 19007 32838 35943 43539 16436 12428 18326 25783 26734 35328 63395 62835 6346 4974 2709 21415 26622 2188 53039 50771 11910 36256 17034 29890 12746 59367 31702 18166 8387 40169 23543 63316 61541 64415 23445 54349 37749 10163 9426 43379 26016 13745 44234 40448 42160 62966 41110 51314 64218 20074 28276 45594 1065 19591 56038 23987 49096 43876 16575 56300 32005 11846 26579 12474 49817 16503 17751 5341 55170 27761 36658 11019 39266 
32233 40877 10137 37076 26069 44350 2332 23664 45957 5091 21245 29721 64802 14827 4377 61886 54425 4654 32884 46739 62092 53111 13040 48583 62084 45331 3537 22457 16417 62627 16978 43269 44639 41419 53661 8342 12055 5723 18183 42488 29142 4675 34544 44246 56840 12533 45053 887 8145 45286 22509 18894 47169 7717 61107 58528 44950 11249 64980 54192 27403 6527 7585 29072 56378 63773 51880 57658 5143 12819 20035 14772 46212 55653 51425 46730 28024 63983 25618 37793 16885 3424 3263 7774 41147 44598 29992 18038 25827 26601 
39630 25361 23521 32768 13093 15487 58918 23566 11888 35782 57558 53526 9615 63787 42135 13860 1314 56303 14608 42923 29192 26144 49439 20685 1541 54951 39232 38980 22247 12447 22332 33370 63346 18394 55267 109 54341 51343 56882 48045 51066 58662 64881 47926 49434 7572 46690 56913 60816 52530 21068 28757 41753 52888 61515 60639 56243 4612 45418 40008 6827 7937 62253 59555 56268 59854 27952 19830 50506 57908 6194 26749 900 38382 44188 12941 52412 56934 49808 44593 26046 62844 31634 39858 4106 2361 48670 6684 5119 28877 
6857 20963 6393 62679 55048 32455 14319 41224 2216 18790 58669 64637 17490 36087 56894 56877 40384 16177 49196 48418 11771 49275 37822 13318 18063 48848 448 46755 21119 51654 2279 42063 21617 34698 2389 51328 51200 15793 4947 37993 64131 34500 28350 20617 17632 49994 16267 48111 52394 16921 28106 41089 28907 22830 47109 64445 3500 61054 56602 64484 17850 6561 23822 63418 20398 48296 59311 19117 31325 29761 2075 70 43526 2046 38426 32791 20613 20428 38350 57264 39091 57048 49341 22543 8839 46942 9253 7154 22926 26533 
17958 25346 43149 28226 26621 52034 5217 52426 64751 59433 27276 55121 26303 13371 63596 20403 6983 53899 976 49435 12683 6762 14591 23790 51492 21007 60289 54624 55718 45187 14438 19995 18261 53585 1289 42416 13576 23191 36950 30417 44370 14285 63668 16891 51357 24017 46055 2616 47466 43350 19984 38289 42124 54900 28826 5365 16508 39715 42774 26207 15821 27399 47039 11278 33276 48918 41354 45374 56447 12072 15238 42355 11831 39456 44189 47114 17025 15620 39058 44051 28768 58298 65396 31218 49349 33814 4533 11580 6718 44335 
34300 48558 46579 19531 13986 3031 28236 822 59897 51193 23408 45136 19722 62958 2449 9810 39746 3828 56300 38797 18159 22596 36660 3777 6000 6017 17791 6351 6568 49695 3326 18333 15701 38860 5480 38290 43837 33616 47432 21823 29032 45332 56774 18605 37999 45936 54408 60030 51047 45769 17535 22217 50891 13449 58993 54875 48380 31582 29181 38713 54165 19999 56162 37399 15625 14875 4991 20242 31033 51610 37219 61030 13588 38022 65185 45294 41119 18158 18595 29075 22447 42007 35754 30200 12803 15046 16302 37255 17865 7355 
18583 47043 62739 51176 55295 5107 49699 26439 55953 7197 54261 53015 32573 21237 32391 479 11018 22159 6904 11865 33989 2700 39637 17973 19337 53768 34105 57412 25661 15623 41431 33839 45047 6585 6167 8985 21733 9193 49472 40556 27951 28199 16113 9165 28452 15058 31059 38830 42424 35026 63245 32673 64339 14221 37549 47003 60617 2411 2904 29743 39822 25750 41165 1427 3871 1968 21862 22220 31944 65433 11871 8267 60930 59379 40766 29408 8084 7911 57514 64516 14692 55130 53607 49328 24214 17874 58774 23698 14012 8327 
61328 54325 39829 54457 39368 31839 1911 19522 61018 28885 8783 16965 22780 45384 61852 53519 31133 26329 29975 56811 55905 36095 22079 21708 31330 9604 10217 25476 4200 26533 5076 54113 40016 2034 58664 32751 64388 14945 2421 28991 25104 18143 55724 3293 5457 7204 37354 20426 18747 40307 56713 13142 16003 65053 65530 4344 32950 10088 41244 60387 31925 39165 8561 13391 38058 56292 57362 31879 58993 1206 14170 55751 17020 3174 37405 13234 19365 53789 47914 56062 36899 47013 41696 14942 44825 96 7390 37635 36658 40100 
45667 21506 21096 45552 8141 30304 41137 44229 18537 51580 25493 47735 2723 53443 45509 50557 27801 26032 60713 34152 65302 3063 53239 63237 9497 57091 40683 51548 43279 13295 55244 37636 61240 65087 38083 25669 58383 22320 23702 20537 35684 57061 60882 43741 60674 24587 63482 54674 22316 3964 3780 6222 59068 62110 40826 6782 51950 30819 7398 37291 6921 45205 3328 18551 17526 56620 32625 37740 46840 44292 30872 220 23351 54787 8495 14026 876 22791 17671 49432 45915 11863 64156 6775 47576 10710 8689 27663 36368 63314 
61649 2566 41832 20668 64236 2845 24428 6967 4514 14674 25704 26535 26836 20815 57137 47641 49383 5939 10518 41640 16200 35286 61876 13376 51112 55065 1948 42848 4427 24025 20862 12331 41899 47125 15104 36621 50962 24503 62869 42331 34860 37864 40149 54703 5344 24934 33190 9932 28782 60804 1444 335 8707 23843 48258 38332 61281 25587 11568 3523 59623 8811 3572 26173 55246 34170 11226 17429 10618 40040 50349 46148 11065 49767 35594 51486 7920 21559 22399 13514 37458 15275 36245 18 36145 44608 21698 13008 40066 42701 
48697 48475 53214 47614 22114 55010 31553 58371 33648 3717 32885 36618 61475 51869 46271 50058 30287 44648 16488 44719 56118 32955 25927 22593 33149 39207 25783 53294 8811 17282 20150 36856 16372 7080 6013 4120 47936 20636 63698 36329 29881 15405 63618 44317 53900 2644 34549 5933 54811 28333 48521 15388 18364 51277 42028 50409 38566 42245 27539 31889 22615 15178 18095 59625 7029 17670 56322 41216 47769 27331 48592 71 16806 15553 63148 32651 27678 15209 64622 46311 8032 31564 13483 4602 17421 29487 36207 27514 35300 40531 
61403 48257 10176 33081 23967 2178 4082 17018 28886 62373 47637 35803 1289 12241 42667 52408 38234 11273 31605 7968 33981 63570 49827 28384 41914 10743 47103 22282 54999 63757 24980 44671 24286 11267 19699 8003 44817 41132 244 30985 15204 251 26686 35673 42316 36846 64618 3487 10663 45963 6697 33390 20734 36116 14067 13696 19782 50112 64450 61283 12833 15930 35305 34864 16825 45731 57414 56459 26228 25426 47745 39427 17263 17298 46244 43797 2171 43855 30443 50610 38467 5921 52383 26743 32467 39979 55224 49795 16660 35068 
53958 8145 35462 24967 58670 10034 56193 12020 36286 49592 64754 30670 57430 46389 20243 52454 56278 54671 21541 26003 18258 60168 55408 65080 30831 47673 49963 58 15446 55134 31913 10111 40888 51794 60179 58148 60120 55668 50822 52623 60368 12600 45971 56443 14612 12438 16616 59039 5878 37115 12337 60927 47509 12857 9526 757 55822 52715 45428 54671 28530 45133 61764 6595 20295 30377 28529 46780 22578 12965 43546 23740 47712 43152 14885 6303 56458 62458 28193 39029 39965 20596 34946 39802 21321 8264 45267 16940 29820 61506 
28798 14856 8628 59417 4664 40437 39170 33498 45157 2607 31969 47523 16430 20860 40578 18137 12803 48971 58971 36000 64203 36714 4589 61452 19811 44562 1714 52762 57171 53801 16855 56989 41834 41802 46801 57784 53792 53139 2609 41220 58958 63912 37221 22951 36235 61278 44187 29163 24299 21583 50151 20722 64066 1494 46358 21644 64013 29237 61375 31413 29533 28083 27678 16545 30643 42964 10057 5202 48072 45947 61558 28284 57745 4957 20640 13852 5821 46275 43429 6749 51360 39315 39480 58937 54517 48782 58233 15725 58810 49025 
22997 38051 2197 42525 39590 28543 62955 49018 20468 26990 11235 18720 47038 59557 49230 36431 89 62337 49712 38764 24407 12860 593 65342 53591 34723 16172 34759 26909 6040 1694 44197 60874 7253 1059 18150 24038 12209 39947 18993 8625 10351 65233 4688 15941 56282 8941 48563 1300 21088 29508 23787 51434 27790 7157 49637 65377 46798 36897 55082 48711 42549 57082 40151 48805 47836 30034 33507 18103 55686 22785 14517 53246 3585 40250 24967 43381 34349 54016 32081 44299 25085 19364 64856 46690 47110 21086 18656 60499 46843 
1009 9396 4020 21912 16751 53623 6156 22717 40532 21570 33717 14467 48044 30830 25181 38789 52839 30353 55481 5392 62955 52519 21391 2295 21242 19878 7215 17495 49745 35773 22233 1464 7985 65079 31371 1252 6926 26255 45442 26789 63546 41560 9248 8838 17701 13274 57526 58983 52055 20513 20602 29752 39136 53093 8612 36115 51656 53775 25562 6950 5983 23519 2632 25295 39792 37861 34229 31101 60376 30517 38617 48518 63723 38405 57610 24829 32674 25076 17729 6298 18771 45958 51820 25891 58410 12670 2539 46711 26254 34826 
41122 23840 26319 38430 36185 59861 10114 11844 3936 43167 2682 3411 32647 23781 53813 40301 6725 6527 65171 5051 54249 46852 26989 32032 65463 63716 35112 22449 38318 21947 17464 27760 56888 43189 26034 36449 42765 61215 61371 60113 20482 42688 6280 2844 5593 4493 28802 63742 17227 50804 36799 21657 43592 1238 13028 1644 25368 29505 40977 60104 43819 45246 9571 52135 53947 2583 23722 22428 49794 14128 45464 21936 53135 484 40987 10591 29703 27992 40887 42013 8114 36675 24154 33956 35296 27602 15666 47357 27656 55873 
58822 58338 30134 13377 23785 22299 9918 21824 10156 16127 64993 17966 49749 3324 51105 35267 1039 50306 46309 4171 3915 35435 43602 40393 16610 11257 54237 23327 45625 43445 47330 24467 43894 37143 35157 35655 50666 8828 51897 24544 36734 33690 18777 15633 35274 32678 16419 22820 40980 56649 4999 2426 45354 39879 11735 18906 51937 26201 19265 5882 39072 40244 38498 41403 49071 31291 8983 36278 46113 26425 9327 13582 25009 47176 26581 48421 25102 20600 2224 38070 14228 4970 3900 37306 47746 44515 12532 55717 10100 33146 
9271 6265 8746 30342 14755 53199 816 40622 59229 44875 28297 26720 49403 46960 61444 36740 31389 55426 60750 19420 34742 24972 48392 20008 28113 37127 41985 26564 24576 14431 34176 24295 32726 57348 59746 46658 51727 53758 38699 52046 23831 54531 22874 48054 60636 6204 29566 1415 33311 64634 1876 15500 21257 28439 47874 49135 54397 15145 53009 25984 52469 63281 62634 60653 40143 41019 10364 21123 41209 57000 22896 13879 18722 21985 26829 55020 52970 7575 9574 52792 27354 11553 59422 28052 56237 43503 29694 36187 62125 5272 
25639 16708 12679 40276 11619 13354 31789 57561 45516 2511 19419 16882 56414 64952 44671 19385 4613 6218 41790 56805 41402 17801 36860 24852 34619 12757 52412 40999 25012 3970 50480 49513 35221 29875 50861 36576 48464 3140 50690 27828 35402 35856 12059 34776 49424 13921 18041 2892 5978 32237 19647 29834 46051 15617 6518 10126 49900 18374 1117 37464 3583 11892 55194 11761 28015 54088 47372 35412 61034 20668 17838 19610 32710 23914 17786 56181 15579 21644 63541 35307 38508 17369 41364 13069 758 23388 32763 36103 49142 58788 
9774 50653 42802 862 1805 33494 53727 50837 55445 28483 55257 11565 34894 44812 7315 48859 27536 27394 65411 62055 32942 32643 33141 4828 33735 47132 10854 16897 50419 27206 57935 52952 54768 60538 18957 41481 53893 2019 35747 24839 7432 19904 5269 5193 8676 31419 51687 36900 16944 65447 52342 30347 44232 62139 20447 11398 3001 2660 59757 54891 56760 62377 52085 38930 29192 45842 11140 47711 50112 25564 22092 22429 54764 7828 64284 55754 64906 41644 33935 32752 6252 5079 40990 40132 39103 46474 14949 32236 51168 18309 
670 51405 64766 20482 17113 26395 28990 19283 10120 28309 38827 50484 52089 18519 42194 48019 3095 21300 52397 34843 8631 53906 55662 46658 55971 18267 27475 26048 30993 15701 37816 40596 30310 5001 452 31084 7042 6217 12399 34361 14720 54882 54285 21640 30459 40371 15001 13087 39472 31921 31549 52465 57125 18817 61341 12653 31829 25825 58869 63041 8581 24775 61645 47146 60854 11275 33248 43479 50300 54346 41945 60865 13201 20600 21 19059 38718 24725 43605 34205 53051 48636 40027 61699 37389 51697 29360 59130 55885 31982 
21466 40630 52020 35818 14405 46952 37454 10708 23697 297 65163 61903 14223 35397 6280 26716 56652 57826 29533 26111 44719 8871 64682 27567 9549 63561 18037 41193 57697 57449 24394 24791 5730 24460 8448 63255 6680 24039 26865 53913 41910 6832 25959 56434 10558 19905 64187 19723 25777 6891 54880 64875 50237 25580 62613 29195 33457 58580 29358 28914 6398 16670 65368 2300 64445 40160 7595 21937 54477 42034 34674 43174 8401 42249 9725 5577 28996 40389 6555 36316 47742 49441 40208 18745 16222 8412 1945 11318 41895 38898 
9711 7985 13124 28344 16495 3907 63074 38327 22257 52193 33924 3836 19112 16919 58864 11179 23762 41343 14349 20207 54816 26732 63538 47975 49194 43719 9267 65526 12167 52666 14382 56976 16946 64400 39808 38125 3606 15636 54385 43589 32014 10495 6149 9328 48419 53623 36200 19479 22542 39391 4994 7536 34217 15639 17757 35707 20943 9052 35101 47561 39829 36572 60866 61361 33949 7135 58165 5394 51824 61557 54210 58105 30673 65268 16079 47369 40075 62905 35700 15168 39596 26797 50193 7284 40722 18982 753 37454 46983 21337 
4890 674 1771 35600 37269 43407 37358 29551 43949 26947 25888 56364 22916 50443 4070 32868 49112 46541 13746 5229 5935 16794 21632 27467 15641 57600 13141 46630 61686 51046 44949 58380 34009 56603 49294 30931 10733 46321 24554 38951 62375 30120 28920 27181 31896 29293 52087 704 25728 29113 59484 8353 3570 38059 8857 61116 3227 50895 42577 61284 47408 2559 46401 41360 20431 24519 18825 30967 64657 25599 30445 4835 52299 8244 3196 36417 12826 4981 41744 10408 49690 37353 29956 26961 41194 53022 27909 55585 62879 53783 
45309 43144 18432 15280 7677 56915 57446 40167 10912 15477 59699 15495 17337 55283 22619 7868 53639 2917 36043 45437 20369 48863 20918 2578 59166 64277 56195 34088 51336 62559 17261 9041 27986 520 40934 14573 50244 39738 440 31658 36598 62481 44135 44609 39290 18034 29645 35058 4127 42087 42897 36659 23053 36325 10509 27300 61702 12088 36570 4007 25177 59309 19942 49594 25759 32426 18442 23517 33326 27354 27950 25301 16581 12178 63746 30385 46108 62861 7440 45138 65268 44567 10016 7599 52900 39413 10205 462 25589 47290 
8565 35297 15860 59940 57268 45789 30734 37389 57782 28702 37145 50433 24872 32845 4218 57355 35511 42155 39229 59439 35630 16827 7373 50382 26549 18909 5456 62092 13159 40736 29071 3467 13394 41727 12617 61413 20031 28304 8935 26094 29082 41865 8321 50154 46246 28982 45728 55267 25556 56847 62314 62050 2626 53350 30326 62317 3589 37498 45842 11667 63946 28720 58432 37207 54277 2548 30820 62055 42187 4014 60857 34870 14821 20369 34858 40368 15916 24624 35222 29885 46800 64887 63081 61141 24249 28257 8025 15777 55641 30346 
48268 18032 9338 20217 33117 2838 29796 34460 10508 43383 18151 64313 43366 5978 39136 28360 28001 3720 17935 27145 31647 46307 24261 56731 3834 60778 29686 11762 23930 56785 63820 26302 55202 35953 17859 22090 65448 35608 34600 20261 11129 41649 3009 45481 6123 46582 37060 33233 46527 31001 10974 40622 33783 23201 6068 53375 17699 42650 4048 31856 64725 5759 24693 8969 43612 40281 36685 29981 63273 36088 46718 43732 18501 16170 61587 45891 53475 59057 50872 61028 30586 49477 8204 23102 45670 19083 11137 21847 57445 63235 
1564 12951 16710 6827 24423 27767 36765 9701 34442 41664 9177 17801 14824 45187 28811 37195 22197 39496 15111 90 59060 36920 37065 25421 25668 11369 11050 8786 9422 20233 32189 55802 59486 64836 368 16085 60076 24016 4607 12144 19204 31001 14591 31696 393 7710 9396 45362 27493 42954 48103 7383 33297 56639 32004 17324 25780 55077 34290 58643 42399 16862 64824 62088 22113 29581 19882 12434 26337 12949 1886 46779 61567 33949 36566 12491 42959 61606 435 24035 7072 14958 47605 57149 58074 55944 49475 42892 32070 50132 
28600 14497 57342 7884 25768 28481 54724 18753 17720 51488 60116 32362 32464 44533 55853 13695 53296 34740 52036 37465 59454 62296 35182 9469 10578 36926 5258 25252 10601 39636 55881 10121 28753 46725 6679 6179 36666 20836 33829 63192 58227 4326 45156 60481 20779 32240 8033 34324 15441 20322 30284 17273 19733 57976 1795 39246 1190 45298 37951 13086 6096 2371 43400 57481 49634 5066 44400 34649 48451 44654 7157 1192 46966 17886 40001 54588 44497 22692 64429 63592 29881 43370 11245 23669 65345 26993 15980 42249 42802 3706 
63047 53055 19748 49645 3646 50553 30916 53422 42740 28328 55599 50764 4169 55717 47361 52042 24795 51386 12449 61610 55668 51639 45435 55482 27890 16866 36962 28088 41230 42621 55469 33338 16178 25407 4326 18505 5300 30734 61921 46628 25528 33548 65323 57427 31309 1606 61965 61866 22071 61779 5386 65206 61994 45459 47167 45456 46703 33025 15991 45564 4484 49399 57709 36884 65522 13803 40728 14471 54684 40699 30771 57584 36590 36312 27530 56841 13745 23419 32313 53423 23470 43861 43707 51797 44321 42955 9814 48617 18098 17624 
