100 100
21278 31089 39588 11878 49991 18190 60047 49697 61314 45267 44375 18766 2638 45457 33066 22419 50136 16763 46735 47465 25993 64120 60996 26761 60832 61838 28398 5423 14279 29268 51918 26596 26550 56084 27724 30820 59343 52776 12768 30386 35357 24478 47731 56523 52447 41772 21479 23322 45767 15403 34967 32571 568 40580 18454 36673 43165 58791 27642 2246 59974 5851 40026 56611 3910 36260 61683 23563 40269 51979 37050 8235 8755 14298 36811 37969 45751 19960 8350 58788 31124 23598 7564 2146 12160 27287 58192 34921 62425 35316 46166 2034 57835 21169 61554 51055 6998 2799 12768 56848 
29497 59098 27114 4568 16923 53363 61447 30375 32281 52572 10164 38885 64431 22782 24899 52263 19766 34580 63218 17651 3276 4094 807 38133 27202 16492 5033 24177 55802 52199 11764 35948 40878 9838 64839 2853 35457 32711 45680 39434 38516 27048 37020 28603 18948 32097 5350 4370 17480 8886 46176 26405 30906 8618 20258 14297 4426 51236 19825 4203 36964 61243 8651 57771 35506 60600 1040 7949 3191 44082 49559 43845 56760 45693 44763 1293 60785 59103 35234 29070 29828 10849 22251 29785 30773 40408 5161 13699 29946 15429 55586 24557 23682 18526 4777 36368 59517 24591 19209 21005 
58119 38728 45279 55281 63540 19178 53903 46824 42547 61397 3429 25765 29511 55160 36043 53076 37373 63005 55612 56794 40423 35558 29447 21622 23099 20923 39063 3746 35358 31017 33069 19706 6011 20952 52539 54427 9947 15000 22357 62400 6289 34197 27602 17605 4378 19527 23925 10049 19871 21686 11475 26890 31088 2282 58410 19997 53256 9904 38178 22828 46910 54801 50377 3171 39777 8428 53692 49921 7621 27714 23179 19574 37555 23593 48129 38440 5250 64815 19883 27549 54983 29184 282 1781 620 52705 30272 41202 60631 49058 21560 42996 37597 46024 20773 20227 28238 55851 53891 63170 
60525 45810 61871 56746 37937 60099 10318 52426 11549 41680 9117 55996 20979 31813 47372 56566 17294 55225 54958 29520 58664 19785 16346 61187 32348 54116 64055 7487 18378 33535 57424 36931 34698 64460 64007 61073 18121 47915 50587 20212 54427 64722 27135 35785 31154 6200 8242 62803 2805 55474 38161 34437 20307 22223 413 51935 1854 62401 18310 62505 53631 5546 4889 57775 43039 52923 53028 45049 16283 15117 8061 40329 56472 16525 45150 19682 36133 30910 44042 45206 6718 47011 65208 53370 48120 56376 3166 17901 17292 49037 17525 46966 28904 5002 30306 54256 9293 4542 41616 58484 
23123 36013 3581 26254 45120 51293 12742 46605 45570 40962 18594 41274 13559 12680 21650 10611 5573 53717 13399 46199 9607 6711 21458 41674 45402 20824 9370 57165 46188 13619 28457 53035 41704 919 28150 63616 54257 11659 24836 64659 27679 36852 44499 50053 31750 60070 61648 40055 62969 27889 10668 1831 54486 501 473 30707 10332 48236 42808 63479 35092 42299 59911 29554 13153 8702 44296 9021 59570 45974 32874 48143 21966 6521 61559 34597 13446 62507 33597 49746 56901 20567 38556 53249 60912 10946 13238 57125 8839 21730 27791 15681 8491 27583 33489 9484 3715 56511 58144 16276 
2012 21927 29838 29742 46331 55499 51102 34000 59011 12525 21477 3882 43532 6791 61775 30758 64085 31464 247 30059 41980 9966 20768 19819 58934 64576 63977 47954 62122 65477 55967 22234 51016 31219 39622 59176 48091 19423 21331 7402 6738 32786 30055 9823 52478 35797 65138 45533 24525 41620 1490 10237 46114 53043 17694 54066 31343 16618 12365 62019 3618 55702 40301 11576 25057 41067 59754 64432 52715 24299 40397 36772 61567 39268 59565 38928 65210 48992 46286 9177 54439 11964 59038 9921 21692 15018 36999 22007 55751 58179 32192 63936 12240 38345 33836 19667 59074 28862 11897 37753 
14555 34572 33487 20606 25049 26486 18517 39955 37357 45488 37814 59903 31184 51446 19300 13944 5098 2379 50460 34724 25988 34427 49385 45938 34421 30620 2178 36490 22470 34700 30306 15188 7912 36732 9070 33855 23892 51793 64539 45180 12467 34453 58036 47136 34703 10976 5675 1000 56000 12060 52841 55492 62586 9897 7651 13479 23173 60244 42038 1199 48659 61103 5304 11300 13015 42654 27118 32922 27571 2383 24096 4231 12862 51982 1350 52727 22639 11162 59061 37135 30975 11258 45272 36441 21432 44570 22005 11813 18754 3617 31791 24002 55407 4004 55413 36666 19126 31111 63912 6097 
46307 39711 46665 31535 6121 1044 5717 485 23396 3540 49356 43507 14389 38866 15560 64381 15505 56658 59071 18590 53518 57762 23960 47445 30879 27623 60018 8038 3164 4878 61803 24495 65021 4606 45741 57605 23223 46156 42850 44674 21336 63029 3507 50723 34796 2454 37330 11709 44659 6096 28466 54268 38854 44138 11159 10494 854 47257 17938 63274 33362 44973 36810 24751 29811 9087 10484 58617 6705 4955 10182 30437 37078 52584 19498 59763 13034 54569 12623 19275 55581 8425 54509 31526 18032 48397 4936 6707 37736 55409 24245 52376 47588 16541 51672 16114 19623 37554 44347 10778 
11487 39759 59079 4848 24377 18137 19284 8349 27599 15236 52403 15336 43812 29460 61436 64370 13054 10531 60533 21866 19381 31593 52250 41059 18698 1969 21784 64819 15154 38235 60036 65050 19105 29417 6196 24802 12831 18583 37543 9949 48641 53812 48406 12823 59823 64381 42614 16655 41407 18732 59461 29119 44897 6893 47541 12390 46140 8607 20425 6106 14125 6152 621 13566 54523 27761 2225 32477 58998 15776 13268 12735 27966 27671 21185 7741 25922 636 28853 44832 47981 536 947 48833 51701 30533 11137 26716 12283 54802 13778 1245 18870 9847 18022 29791 41422 53344 23016 29362 
9757 32152 57320 9333 64050 38365 61304 40859 33419 25671 61764 54314 40350 45056 4849 54647 25950 59511 57727 11623 6536 54335 42948 37033 46602 19772 39171 44716 34013 6389 6620 5427 23830 25063 32286 56001 27260 40057 6290 7535 64081 19927 26898 57344 31673 58168 17456 15750 13834 22558 63195 24411 12972 8021 32055 35444 28785 32042 40565 18916 11353 41594 5635 45718 5474 16900 59301 63159 3526 51938 2867 14385 9877 4727 64727 22551 51746 20070 116 40145 29111 4138 53908 124 59365 54407 52872 11822 34192 58095 47931 8073 2143 17188 44113 11891 29693 63194 57673 4408 
18982 51744 38943 45672 8108 2869 37975 32311 31139 36171 32298 927 20760 57880 24440 30154 957 63900 446 37436 43071 59186 54980 49719 65124 32648 20971 43845 51199 9906 56868 35823 41847 53389 13759 37418 45604 39812 9575 55732 25781 50318 56549 38394 44137 21809 42933 34411 33009 34511 25237 15789 52228 44985 39355 6768 2252 51144 60425 31396 10957 15963 22749 51785 24483 28002 29831 50978 31443 7945 4938 13639 35913 41365 61259 23567 4206 54331 18019 14106 61811 55370 59346 61142 39787 4804 49931 11347 26733 59425 25679 40855 24703 32144 42408 50930 2347 1905 6327 51929 
38704 57007 56521 26582 60069 56021 36579 8268 63687 37932 50772 18007 19812 59790 53939 24206 50943 56936 4388 6487 23592 16792 34369 40757 50877 11756 20155 5573 35949 9196 45093 7902 24225 36527 11797 36430 37870 62223 29543 48103 13878 29311 56766 53331 40428 10127 62657 20075 39234 29548 54696 464 54685 34633 61243 29571 566 43627 63865 12403 40083 8989 44065 4023 60557 36634 26566 63874 4369 32138 65005 52430 6367 28542 28226 34767 18812 17065 64602 35139 18874 56610 19620 48953 63418 58380 45677 1534 41731 13687 5856 52172 18628 19136 34059 52628 53065 4731 47214 27613 
63515 60525 26320 51377 65405 8503 28082 31624 56325 45714 23568 57184 53163 30967 59136 26383 32709 41943 23311 23163 6860 55722 33314 40081 55462 34790 57255 61328 47649 23427 4183 25582 35800 13855 22908 12121 34487 18731 63437 1880 10807 40577 50205 17033 37284 5151 30243 37808 63516 11473 17932 24616 36282 22035 50402 10079 55633 53206 60280 34049 29336 53956 51733 25120 25449 15326 21757 50306 49753 11260 7157 36573 51910 12754 62423 32519 6214 2610 63823 23227 18348 604 37230 36291 47575 21431 45564 33948 42783 41849 29514 46645 60797 4331 5017 15824 11808 5153 38891 18102 
25701 54206 44782 30491 9421 29496 49757 55050 55997 44905 25171 57308 25942 16182 35157 46853 41779 16369 56279 35539 50871 16946 56004 25540 28130 48047 11770 22338 13912 48394 8584 45024 24089 5461 21646 13493 29162 60102 3968 51968 33716 53661 32932 47989 62594 34438 59382 20777 26652 64415 55228 30720 6978 9153 36606 22607 45877 23434 52251 3480 30419 60706 34511 62600 30316 35673 61290 33669 54918 58055 2853 34790 4083 15229 37682 22184 20939 14471 2353 47239 32030 2561 46025 50031 64084 39026 51983 6602 44688 5517 38418 54255 15163 31012 45941 51739 33090 30496 56614 52462 
10251 56889 36772 30869 29340 36173 63129 29868 6653 31157 46939 57767 17469 42545 7156 48563 11254 50215 60637 9476 23880 23922 61023 25311 8195 18900 47553 46040 59088 23184 2917 18557 29143 56203 41966 26090 35587 29857 31212 48897 59882 64523 27648 19393 43488 21515 12836 61375 13515 4220 44145 62492 37973 10301 46968 36467 51843 2086 47404 40307 39509 2592 37486 38789 45028 51462 11152 41972 61086 43922 621 23609 26137 53384 33444 41831 11773 47031 45815 4897 15503 19217 2641 34449 10189 2862 28052 33642 4596 58268 4597 7612 36514 30844 15123 25525 57983 20825 29750 6346 
17553 44513 22185 20861 29812 49344 19125 63335 21714 24979 50986 11677 54114 20123 32513 47664 16760 20321 52094 4284 56998 46124 33943 57928 1972 45928 35947 63136 65288 4621 34010 8194 59754 60420 59432 36558 64097 52295 48071 1684 38102 30521 12471 38571 37624 41086 12292 54083 14060 20441 29233 11845 11608 2959 21040 27333 38459 50117 23136 34198 15306 16119 33564 15560 22457 61592 14511 55615 38321 13348 13139 26474 61624 35231 29482 1156 34179 21484 7319 15031 50982 53438 11872 26842 10918 6910 39855 56131 37120 64335 28638 17099 46546 10615 23002 44794 1067 34485 62959 35901 
1589 47065 54283 37589 16438 30555 10972 43682 48438 49436 28990 51734 4367 27522 37854 35011 5299 59691 23486 3525 61176 58063 53028 14024 57624 57371 1571 11497 1897 48797 36355 58001 36947 24732 6472 10126 4099 47846 35711 58754 34718 4121 11237 2473 62820 62509 41074 40283 63664 63280 5244 45183 25347 6245 22449 15984 9004 706 37075 7470 45760 9001 16367 61439 48590 45463 39198 5500 20801 51251 36422 19548 63063 23100 59201 5636 29610 1136 2893 19689 2642 52527 59982 17704 7801 18234 25870 40651 8217 45465 22405 1129 19650 21440 25328 46960 22040 868 31902 61130 
25297 38434 24534 26362 51846 27715 12192 43034 23779 12826 33763 7170 37406 45340 59478 43262 3924 61497 30110 38947 8819 20553 10821 61944 37599 18782 61865 42495 56536 33459 9783 19636 35146 25506 64550 14919 2601 5757 43722 36075 62444 38498 28410 35400 4549 7440 46443 49491 35855 50134 20732 43307 58399 45233 7677 21545 23945 54778 3841 9091 51970 22891 58333 19128 6354 23932 58216 28938 23839 54068 2388 4487 47492 33984 53216 5109 35439 58900 22220 10985 36481 57615 51974 11350 38582 10013 11580 1632 37331 784 21892 24147 40344 39719 54367 21734 34094 37294 13508 26504 
19929 53089 30942 41612 45206 7416 54091 42850 45911 17903 33357 10398 49897 49758 20858 18238 49750 51584 36622 58509 56252 61508 29846 6606 24600 12531 63722 22492 20955 6517 43085 9140 23301 38808 37785 22195 13068 10812 657 45301 20349 54227 43221 6417 55241 43553 26803 40476 24965 29782 7064 35691 47179 24836 31430 162 48270 54586 10103 63469 30345 57080 18862 20408 22558 6921 14842 31811 55117 3788 44163 27683 23192 5581 62621 4500 5202 55370 35257 40088 60193 12623 29578 4472 15132 9079 31090 28230 54563 31303 62375 35869 34894 19127 4007 2567 45579 2101 48489 57709 
50687 7194 7099 10541 54269 1929 37198 8720 53536 25797 10422 41399 14908 32773 46927 2359 59036 4824 56040 31190 25892 4683 58090 14803 60289 35163 36839 44165 38564 14793 39986 16563 21552 19651 40654 15190 47749 63298 47211 54655 30505 31336 8999 44583 55551 39971 27153 21797 48474 30227 51409 18116 250 35729 5992 2813 12261 16522 3866 1086 19144 61688 13694 59423 40621 33673 8644 42777 10320 63473 31788 47311 8708 21074 11358 55502 2052 59291 39689 37919 12774 60221 60259 65486 30149 21627 43001 35855 17675 23696 26702 34654 12253 43803 55522 25212 42294 5056 14841 26144 
47055 25539 43836 56878 29818 20944 33371 3653 20900 62973 9319 20818 36278 2409 50143 52902 31912 50364 10376 13249 19544 18451 60333 37245 62816 14722 54639 12381 33974 40440 65388 54978 52399 11174 56120 12625 12094 19026 11885 28920 48233 28018 46460 21790 50376 13407 3955 64868 29985 11499 1285 28677 60809 28602 26767 19906 57084 37594 50935 5326 55310 29789 62100 2967 3712 1475 15936 8621 26962 8057 43653 63030 5141 4690 65127 2274 56463 60179 22152 49059 12135 14169 42848 13425 32719 17394 21438 26798 17759 8201 16559 6203 53959 55657 39795 15582 53229 40379 23268 42962 
6297 14358 44361 28062 6044 15406 22026 64140 37629 58647 10540 35313 57028 20409 26804 58667 20695 38592 17243 45773 6396 52724 40977 15980 8339 63472 60608 19937 12622 41762 33177 64731 17850 11908 16146 31188 38353 46423 32757 24418 35525 7591 37296 40304 11753 24027 61364 15957 40045 63061 9456 4947 49854 59920 33642 50962 20800 61104 30052 24892 33700 61106 65176 19210 8069 63033 306 37720 28350 43044 15196 51071 35721 58687 42930 36634 54098 11234 25403 24526 53842 38043 17523 56368 34931 22144 45215 3975 18709 60605 61002 20691 41253 1755 60505 14707 50711 8790 31604 46665 
22955 35412 19015 33780 35853 56167 2116 16522 42598 10818 4646 37666 6853 50798 12566 28537 41441 26983 60678 49206 9342 51232 63755 10798 18381 42350 7391 29592 63647 64716 24182 3402 33861 3602 59574 62822 16768 62663 62460 59331 13732 60699 11289 17974 27412 51072 5108 23636 11794 34987 35447 6260 25076 52107 11687 20715 43572 47151 32043 11964 5115 47626 59192 4712 9824 6488 25336 17427 2192 4756 43309 64216 12466 7584 64906 43313 63670 8739 53944 23256 17987 4640 29822 7555 35084 48764 52985 40500 34123 13923 36147 42678 47975 5549 60877 52730 59097 12084 34095 19029 
29663 31782 33250 52613 30649 45945 60544 48375 43923 11444 6775 45805 20254 29055 23073 783 41912 55210 9470 15507 36470 17768 21421 18794 12032 45243 26693 9864 32159 38761 1858 38116 51518 57011 37583 53363 27340 1144 25561 52602 4748 59543 14893 9244 6334 17483 45215 34139 24464 28103 52437 51067 22391 36241 10078 46888 28818 13575 42423 63145 14135 46934 46891 3303 55242 33718 22565 39126 29657 23202 46643 4263 65122 51377 13908 10920 35572 39141 6624 5779 5866 52415 4087 62208 6338 35719 55108 26285 57234 37112 59571 27834 35450 8139 10652 26790 38236 63842 28120 43826 
31834 22451 64367 8642 24781 47584 56515 159 42603 63977 63490 31089 39543 12516 26486 20294 56224 17488 22791 44225 15988 62411 26052 54444 24118 51030 1138 40344 44579 46307 5593 38891 34451 54028 42773 27164 59 63006 37477 20729 20182 22917 14752 28034 2902 51865 6257 47258 1196 61163 58927 43692 61829 7569 61947 17087 13324 48515 33117 64684 64917 8446 55317 3836 6988 4036 23281 26598 30697 26459 13537 63999 16332 7255 4082 43092 53389 39043 15551 8327 64215 17816 26970 13172 44871 57660 9747 43531 19011 43564 22748 29751 61405 13648 42204 45822 63092 24529 6215 20027 
11228 22467 7285 48449 61081 5074 6141 26511 42507 60343 16817 24507 6835 42879 50788 15776 45856 1531 22160 35145 38107 50771 18137 42563 46275 8063 52763 16854 17675 24648 3785 41120 43327 3943 53510 46255 38196 22542 53385 47803 31590 26476 53382 31385 10266 31155 4956 39361 55135 9585 55198 41637 47302 55024 59728 11044 13942 15629 60754 49875 30379 43636 34536 26801 16969 60166 25386 20011 50303 12628 16680 7283 35121 55790 6647 22264 20819 56342 26522 55041 53646 24748 52338 22965 5458 30290 38675 59590 8143 593 21653 21910 10481 29199 16778 34665 13596 65051 28769 62251 
27343 51584 25067 30255 35561 65110 61393 9110 51569 64393 38258 7722 45125 50706 64616 10048 59283 26596 60216 10365 45858 10931 13778 23439 58233 33407 34617 25160 64818 26723 55294 18570 62225 4986 25992 60437 3393 1633 50357 34669 41598 57993 7373 32513 55412 41753 10379 57062 30868 37649 41118 25469 1395 18230 57377 34324 46329 62870 51059 21365 48196 15229 48063 37458 57967 31915 58490 37701 5928 1557 14620 59960 42550 12686 36521 42276 14554 47550 33407 56408 3034 3102 4909 57121 45619 12300 11118 53098 61912 58926 8238 57990 27141 51246 11552 16370 47047 19414 6365 5286 
16758 9782 52618 48871 57827 11059 43660 21577 42813 4510 2146 64555 49920 28781 3755 23505 35078 49124 63713 869 24250 41662 17844 3422 56704 39001 25004 45699 43405 10747 61183 6932 27971 47313 9817 37332 17435 60 61944 38102 54691 21083 28248 57864 61782 21613 59857 2612 6133 18567 60589 59117 42473 56240 46217 17305 62133 23508 10406 19450 50757 63162 25103 31543 4756 17156 38202 26119 35323 47052 794 40396 60771 44695 33154 64922 8003 42734 14093 54084 44002 61641 44575 12126 3430 62079 39508 2931 20880 3367 47678 31942 22839 23487 6868 62714 44079 60893 29698 6341 
50884 41811 56151 58004 6255 37555 48447 50666 17417 42336 40474 4890 50050 23740 42123 57718 10354 16239 30938 22740 12781 10417 24972 46569 51724 11086 10585 45093 1273 50117 47173 20973 24946 24729 48332 22138 16660 47890 9614 1749 61215 27975 8600 34877 40311 39746 12320 56157 27839 16121 16663 24783 52499 13896 22845 31852 30419 40856 32717 40746 30582 64149 1719 36887 14109 186 51282 25114 16312 33985 56736 24033 30692 8784 19980 52404 54197 57006 42813 21646 55162 45470 62904 5920 17420 56020 32058 48212 62775 57105 4721 47438 23011 20016 6104 57296 34726 32766 27299 13297 
22733 63982 58477 35345 25979 50634 13796 11228 19132 6534 19897 44367 28205 36154 45095 48148 38758 55059 52101 62660 9624 12569 62140 28746 42035 46264 1683 10494 48312 1424 37297 39413 28832 35838 9300 17387 20586 48568 18533 12222 28706 27856 39741 60969 57935 23198 55041 58355 64292 53217 59145 44309 9009 35794 27398 5182 11294 41067 23376 47571 51673 18684 56451 23295 19843 53611 1681 34694 55753 43491 7527 20074 55222 416 293 41685 25363 15089 18122 63242 48881 19402 48207 60015 37874 57221 8205 21149 17078 48855 16899 9104 31327 1910 34365 28754 44218 49954 43602 774 
27364 937 29357 30410 24400 13749 36288 55033 26549 48272 3845 54077 9089 43520 16710 41903 50958 35243 52404 28739 36356 50493 38745 11216 62242 43354 6226 6608 10978 40921 3464 21803 13986 65325 15143 50323 30411 30604 14814 48142 11695 62587 41384 22852 41343 57669 61366 41417 32620 12365 9886 36006 62653 29035 24873 36066 22537 5936 39803 50919 42206 27965 18268 4174 45889 26183 26253 1225 62813 35934 9933 10627 62789 18842 57912 16356 25506 38968 64647 46679 2761 1474 5529 7635 28961 10694 8123 15207 14729 23086 45058 43623 45747 42094 42067 24775 6987 25081 17995 34880 
36334 37289 57472 16794 31327 21367 48646 56487 23141 38953 60674 37707 14661 38458 37898 3549 58737 60276 10757 8733 17095 56059 709 17466 49429 28446 54399 22598 63941 32841 60632 22274 59241 58386 28281 6509 17678 23362 11706 20065 28861 64023 15523 43069 46534 24156 10963 19494 47259 21035 52857 63605 44445 62256 6318 45272 56584 24892 49733 10748 584 35400 13158 16429 41501 9164 4848 64087 12474 3304 60306 13736 22064 17451 9276 28151 2695 4780 32574 58886 5321 30609 22740 57390 64590 36413 30510 14274 16852 51268 15145 33300 25429 13917 54648 51403 35529 32476 6336 1376 
52275 6356 65167 35220 26720 26514 22355 57085 1217 39251 41526 63292 32243 23193 7650 45017 35588 13973 27729 51696 38874 49814 36777 17089 11121 26802 40167 15234 49701 17447 28807 60070 38065 64177 44745 11651 53945 34116 48761 14693 36431 55028 36320 51758 59420 62858 27319 53808 30382 60927 4665 54506 16347 43647 8942 58824 6435 4586 48798 39905 36207 36534 53641 51494 50210 51653 34671 11686 32648 7127 15948 9143 6984 53479 24103 11164 23661 37278 55731 3420 33591 1305 50736 45461 14636 64736 13856 64368 58949 4561 47486 58013 6637 3336 22898 57921 14866 29736 23054 57678 
25160 64454 57310 16542 24877 49881 39993 42510 22427 60296 55996 12710 10512 25453 40613 26400 500 34737 43797 39990 64245 3210 21823 20186 33343 13346 58309 62745 47773 27802 18551 48908 29453 11837 62580 14434 34719 46944 45171 44461 52297 61553 55750 6771 13607 41864 30466 6857 40309 23599 65088 42379 22806 24688 18103 30455 46364 6867 19235 56726 45582 37309 42411 6941 46780 27021 48553 28231 17189 30242 24848 20710 14471 56640 51937 27382 65462 6207 13790 62246 55823 63074 49935 27777 39905 7574 52536 53980 48802 9276 61803 13893 45474 61093 1958 45262 14319 48080 62936 24517 
48437 4203 7052 45323 48344 48867 18569 30024 8051 58050 43980 29544 47404 26491 54613 17030 61275 17831 9062 186 52686 28961 60076 18436 22644 34409 43445 22408 58323 53376 52422 6226 28088 3807 5996 47662 59698 22125 64046 29056 90 39429 35721 34204 56894 7184 43106 44179 29480 21048 58425 26083 43312 3180 12194 18638 3593 35727 8026 39219 2178 49966 1633 12275 28948 45029 44023 22958 16997 3432 2790 14113 36555 1258 59727 55596 52038 53296 3649 27469 64655 63864 5282 8056 26669 6660 29979 1534 44916 15451 33866 27104 54550 46986 1098 27769 10114 8615 20910 45848 
43363 39485 7592 46751 15624 34881 62990 30462 7144 42925 17920 57230 37925 3250 59902 45418 16619 58779 24081 1019 41762 54565 46123 58924 38749 48702 45995 53724 13522 60226 33491 54411 32081 29699 37122 7379 39230 25612 55724 63254 12015 20460 10164 944 55728 43792 40147 65288 33174 5571 1827 7831 26448 36592 50608 14389 37984 24089 15825 48027 48125 34817 51478 45071 46498 53337 20135 51948 23187 10514 35640 58791 60396 46772 44886 61936 32737 10650 64961 44037 43818 34609 10518 53199 65139 28496 25502 18788 53369 1892 64742 39413 9843 7643 5596 19029 64550 45297 58739 29659 
28149 64183 43031 2931 52127 54860 38671 54600 35196 30332 2780 23638 36274 40157 58273 4033 3427 30433 43085 33998 31307 61433 47257 48579 37977 107 10044 41425 7461 7646 54058 25408 16308 13828 27792 58489 60232 8012 26355 60347 1937 42648 19454 43054 18480 25129 44144 17252 22401 30919 56320 41642 51447 51473 10 17015 42924 48840 56404 37477 19215 42206 64997 11238 23468 2830 58971 62238 16321 18366 276 1227 26286 39859 20484 24302 43418 25107 54056 47135 58857 46358 26827 7494 7686 35995 63694 52395 55267 24578 13782 33052 37228 57438 34450 51829 5993 24656 46210 49382 
36673 24883 13287 51305 7051 38806 856 34717 57551 48691 29730 9499 51094 49585 46216 19780 35591 15152 37396 41331 56872 57749 23990 49704 44687 7303 11049 35989 24439 16654 38927 61086 47329 62694 17025 9967 17283 62915 2333 7044 37304 58101 4555 65191 27596 9909 30770 31019 44641 51300 38658 25986 4886 6854 40086 20950 43891 40909 29195 33625 16104 46259 14977 55939 54037 10679 19501 40431 8595 24819 35864 34751 5274 19509 14423 2236 12275 51707 63720 41497 53171 7071 20110 18279 14831 62927 20990 60082 23718 21885 44460 41232 24228 59195 4770 54928 2207 22603 48157 11431 
44848 62803 27523 14156 55685 50862 54301 34332 978 34059 3991 20532 17738 38728 8260 36262 44975 36810 16176 61402 19021 47284 27071 60080 2907 26508 35643 44398 4645 50603 13869 20993 26151 19229 59394 46621 31349 43486 44772 36087 62059 861 19933 263 40596 45892 48801 38628 22293 43736 682 4882 12064 30012 46236 61815 24268 10746 36448 21927 65286 2282 17373 33601 6566 28730 41719 18878 62533 27684 58932 18512 38028 11570 41845 6105 39964 24788 16492 15981 16729 29472 52891 50891 65461 62033 15316 7295 7710 28773 18035 51473 60602 51981 17397 15021 36964 58638 58301 38714 
8229 26479 28677 2268 62973 46705 30337 20123 30791 845 6650 22122 11416 46967 58376 39208 5949 32044 12545 20037 56432 15590 58094 12462 61906 50191 3672 5414 10169 47646 61787 64362 16191 48637 21445 44503 15089 28273 45939 59965 48872 45839 45653 23784 61507 23428 53337 40924 1522 27521 27088 38279 38209 18879 44576 58802 43667 33155 48864 56194 52928 32227 37050 20646 13419 34828 38650 60430 60736 57448 44491 16029 41855 39684 4050 19582 62323 3613 62222 55235 10362 12670 31870 51022 25809 46135 46014 61319 47973 25756 42128 7696 65331 22039 27030 48597 60166 62267 28681 60405 
48228 47091 40713 36468 53788 58044 3999 46655 30110 49796 59853 31319 20919 35621 7408 30017 39229 25301 23668 15972 6107 63650 17564 4418 50201 12809 45758 24369 53648 30094 33382 61391 33801 20911 41673 54847 16166 10026 52340 9956 3886 10212 53775 5103 56710 25737 13037 56274 45527 23737 60795 2082 50879 20770 31284 2248 28235 63272 27471 37681 40025 9633 26890 47821 56454 32507 42642 30323 22454 60902 48462 20663 61925 51921 11922 53219 23822 48968 28342 42402 20089 30958 61589 61118 19999 55962 1436 32058 55951 42704 62112 42623 32994 9368 44069 36239 35328 53986 2271 60886 
46507 64004 53582 61513 58000 28947 19675 54486 15230 61884 31315 19065 3401 64594 4743 50534 25412 52206 43466 38373 55154 38236 11351 16207 30449 19859 13879 20276 7339 13319 57151 33463 21812 58269 8580 5339 61710 29403 60866 28140 52858 5859 60640 5831 18974 36620 25608 14078 36856 199 61600 41967 2389 61826 47715 64003 46291 4522 20084 57324 50217 23587 21234 9982 46605 63495 17562 61178 48214 48373 52668 3590 7095 50170 16273 62941 9057 38336 51526 20642 49106 39870 41338 15006 31862 59575 60854 16072 23966 57355 39604 59861 42527 4067 23674 6568 63212 38678 9103 61457 
43597 52839 48751 11861 5175 32140 31624 26221 27354 11518 38640 9645 46908 1605 28744 43645 25816 8741 18391 39057 48944 41657 50034 12593 38829 53114 54390 46079 8869 53330 58631 61896 11832 13572 19077 58003 38769 51250 53834 42165 8067 34693 14835 56992 10626 56664 3748 36516 16935 37212 59486 38528 12128 24598 40946 27572 25254 10072 48953 57495 37524 11640 47572 63375 35614 51790 54660 39273 29835 18057 22560 28074 50771 47042 34088 12582 65292 6356 60531 26821 54172 24805 63698 340 28020 30055 36069 47924 21676 40544 31369 36821 57350 50300 32605 10025 18431 46040 22245 50737 
25994 55020 51666 62613 33679 34192 7070 32191 9077 41625 58138 6230 53810 63044 19002 39107 55835 24054 19213 58132 1662 18416 56227 4583 47743 29078 57955 60109 12517 9359 59527 46420 36633 22140 14426 32094 41237 36133 56942 64196 59691 30715 63455 19911 17737 39438 1616 22762 38695 52206 45944 24463 1193 37933 59625 9463 12652 16294 12111 17380 58916 49758 61485 36288 12947 43356 63020 41477 19674 17442 6201 37629 41214 19881 57360 63245 13755 56425 62752 42512 43007 41436 37473 56892 49873 62277 9169 48728 739 2129 31014 32789 7623 50060 28527 47095 22016 12377 55924 9224 
25967 35249 4183 58451 17436 35623 24207 21996 42575 19776 18303 26730 32245 17596 14804 44835 54273 560 47390 62569 52157 55847 42449 41654 3903 37969 42310 37797 12999 24356 1565 31503 2471 5793 13548 62326 27598 26986 2577 13020 34177 39455 53841 63796 8684 18643 60108 44598 12950 9501 1267 59638 17333 11266 48656 62766 60650 35449 27773 26585 49017 44486 14250 8209 4361 39343 16523 57043 41484 6536 24739 24427 54974 46563 17240 49450 30462 6389 23838 2920 20141 12929 14735 53361 48923 63482 36604 65184 24772 35529 27912 3534 63400 35390 43480 33830 9775 7998 50504 65527 
40935 42588 60358 33308 40163 55890 62784 26861 7804 39905 45708 62835 9292 51322 19037 45856 39220 20566 56167 4560 49279 10908 21333 60725 48718 7992 58178 3304 17137 33893 42151 31677 50013 4404 50699 27474 47491 42694 57816 52950 57473 25664 60326 39870 7210 40090 57410 8560 35711 56676 36199 1877 18626 3407 23621 25704 411 56256 26937 27446 33448 13572 2484 49891 43878 44814 30628 32260 41110 50555 45026 31357 20689 33046 23367 22346 10124 2976 30233 8253 37311 2612 40261 14131 26126 34880 33643 2221 14432 57435 47891 34306 44841 51181 18556 64632 18564 63718 17522 6355 
15254 10876 30976 40632 18411 42538 35968 40429 62536 27633 40990 21457 30216 948 20749 46880 40700 45673 20076 22019 33239 17623 23867 22 50549 49418 42993 61835 42268 11003 20975 37740 58498 26762 26218 57171 24374 13001 44509 45768 62677 242 1149 43024 57298 28360 33056 32347 14805 52324 54936 21193 18457 30805 41165 54756 4818 4903 42866 8058 21321 45234 60453 35536 15079 39674 1892 22077 40226 27781 41486 53800 51374 12127 48868 3178 48875 43689 39023 54783 32655 55969 57337 62235 55642 15382 26472 32474 45843 49880 44051 48467 30475 59682 2324 54532 55491 17866 63522 39616 
62076 40154 54273 4372 37266 60756 21754 10347 64744 14033 25787 34269 37558 8337 41416 2246 45152 56512 56617 3782 63045 51362 46716 29563 2823 50313 11378 4426 6737 44119 62772 43054 54246 61192 32022 46966 37708 3153 2932 45341 3362 50389 64230 27310 51529 59580 2156 36264 62372 63339 13776 955 31976 25227 47918 21686 40034 3162 11021 50779 450 36467 32730 4099 15026 23564 32500 1398 43011 45765 31788 19147 53171 49740 47589 62104 39419 40511 40213 60919 14955 65429 58747 38923 59197 62464 54538 26932 26537 10521 40615 35900 59420 4970 39431 42804 45791 33674 34049 20446 
46079 54509 34395 6098 56347 37805 6311 36880 48549 25068 6736 54962 60336 6242 55816 47445 30818 39957 57393 48011 50632 19823 58775 5949 16319 153 55597 57823 3858 57795 11606 34139 19788 44754 29006 57297 43341 48803 15318 34515 5580 33382 17364 26804 6191 36356 43630 30220 47401 63435 35758 15405 9361 41343 50983 30429 65017 62967 37141 41760 24665 52975 43839 50375 17250 49174 61737 24378 47076 20761 36679 26527 36049 42644 40826 57156 35176 30323 24588 7299 14626 37667 5177 55047 28593 45350 1073 41198 22646 29690 4680 11412 21382 22677 49844 57547 57598 26794 26636 45810 
41435 14982 56523 11933 56047 35847 19125 25041 23979 7360 60146 5714 32951 36640 37718 26941 44572 50764 3984 28950 51563 54352 11065 54987 46236 36191 39 48813 12959 16782 22356 17795 61070 39545 35348 62516 26848 2497 51493 39682 30883 63063 51060 30091 10555 62658 48801 50290 64973 37486 23962 27852 45697 38730 54956 57062 13971 31587 42193 51632 5420 42851 2125 979 13622 45053 27218 42341 37085 49940 31924 47055 44954 52287 12389 50008 41991 36262 46176 35312 59073 59266 58928 38099 49810 39662 17684 42000 13748 61516 15505 39622 61318 41751 59198 47231 44138 6940 13521 9334 
31703 10729 29160 29286 20275 783 1114 41221 46427 47688 35470 37224 58636 21114 10803 60774 26054 19369 3541 22305 62315 41418 54222 40564 39583 45100 54223 43930 22333 20835 9870 38968 1215 11736 61916 10551 48760 27600 35558 1537 30678 24359 49757 29473 340 43348 46073 51762 42958 47523 63195 49971 34043 17772 26640 26898 44711 39852 41932 24661 3334 7521 51648 48671 2418 2834 46677 57691 62377 22646 56661 8961 49572 12551 4120 282 8365 31372 58229 36140 62629 60078 17189 10688 5811 30516 61044 2362 35258 28122 65343 31174 38029 12749 61712 20412 35511 46695 7293 29680 
39748 34612 44967 1454 40136 20887 23387 36227 13980 42830 8532 28632 16691 14661 55535 3635 40064 33178 49708 24493 41607 10773 60873 30970 12606 58199 56614 39274 38351 27516 58173 40280 52765 28419 47164 4606 12145 28198 12259 52844 55667 22392 3091 55206 55545 18230 53509 7103 56448 14547 16258 26712 29931 12328 21442 15470 8572 20428 47942 16219 61377 30578 44667 10992 59546 10189 13399 62778 59986 55157 53344 40434 57954 12169 26451 17085 45091 36052 2833 32236 23873 2533 40240 11466 25327 15198 10684 21352 48723 18714 62010 16260 47410 30957 36368 54125 41487 58394 17513 34894 
35471 57880 8058 64246 43655 35726 33502 41831 50466 37329 34422 41382 27725 60433 19505 45102 52391 27775 33680 37239 5390 45212 64054 9104 26771 12144 50964 34266 54171 22128 19105 11179 52232 155 16335 62274 4955 3867 32236 27756 13310 41092 8673 54001 49940 22360 9593 19035 1361 65177 22708 5364 57485 56516 16601 44863 45595 32390 37761 31639 35528 16408 338 22128 22425 20216 55879 62286 51272 19493 49062 25000 25778 5553 29147 21876 22407 60776 36779 32585 64217 39561 37901 59283 63044 6820 5540 53214 9784 3381 50757 57011 61856 14367 54220 46199 33923 26787 43630 35904 
37071 65431 21915 30807 49435 48169 17929 21046 31321 57124 12301 32287 757 38045 10220 10914 10743 29902 19652 15213 47753 32181 17506 20146 40536 24978 45878 29501 14260 26983 56537 53345 56058 15708 40200 19844 608 34407 51565 34020 45142 34444 11828 58496 12637 50896 40064 294 33901 63386 10365 35501 37153 57830 61278 11409 19137 31085 44206 35594 9231 6086 45647 43282 63086 45524 60487 8017 26656 28175 20493 48714 2727 42476 52323 2649 34589 52756 55279 51798 64816 219 23045 6937 35737 30153 15615 62371 45666 9943 15503 49465 19260 54000 55014 63551 16930 45303 64828 27402 
19513 8098 42528 33892 15751 22574 60624 22856 16844 48846 50176 60642 7266 50161 28643 22178 59312 39915 37614 58566 21241 5350 38052 1899 8531 45190 56196 402 39640 3976 41666 28004 29586 40424 49355 19747 65518 11022 60797 18331 24421 40486 27245 33766 50216 31422 26723 18619 12132 35587 55559 48074 65308 52268 27172 3516 31427 33946 1006 37762 53541 28637 37761 47637 56983 44763 49782 28056 18874 34453 27666 55541 22813 50436 40475 26192 37297 64466 48026 1170 17096 6594 29045 22949 391 659 7560 38721 2083 19602 36096 6561 4912 44755 970 9683 19468 34161 57373 6666 
49242 20622 23782 47698 46722 3605 25714 43925 2726 11682 22211 34818 2835 3408 20932 39358 28476 9984 49232 47643 41552 19247 25527 7997 3799 53467 51992 30935 29025 12169 10873 47757 47223 29725 40187 50718 21978 5489 43713 5580 26104 48897 20619 20656 11464 12379 19369 52237 25583 19419 1505 2444 24672 51699 62855 29233 52678 60979 65145 52546 37873 6886 28707 42502 65332 51732 61024 13501 60504 13835 59739 467 56185 42984 30782 61366 53268 47630 11264 7222 62292 59214 119 64518 57990 4301 61193 4293 46814 11445 64339 18964 20510 33852 10271 21222 16607 31034 65287 46236 
61772 64385 21660 37398 57440 43817 7618 16656 44642 46574 63834 33189 43315 38928 10085 9158 59780 29285 13542 51444 37512 14355 49630 41834 10423 50256 17204 23361 14704 24903 54417 14394 21866 63563 62241 6995 25317 3960 14920 26840 33482 36351 51944 42177 36545 27264 57563 32252 4951 24355 28346 7009 62920 49621 14619 48724 27605 52029 31691 25397 49111 62762 6441 64001 1323 43461 9823 48973 43066 9342 49474 63023 47253 2425 32 40353 44395 56885 39000 43480 64750 5608 56412 6969 55090 60872 5077 56685 27178 61545 21949 54803 60992 9135 43432 62804 30237 11903 33252 33255 
22780 62314 43788 14439 5322 25937 45727 20073 3863 41640 30200 62669 53811 20555 8306 23899 1373 17951 36089 49121 15090 26328 48237 12806 20102 3834 31274 32354 11062 47077 47629 28292 58999 17516 27669 8824 11035 13457 54460 18059 11148 52039 6926 53531 16051 14596 61664 43845 52553 52044 33689 35868 30132 41552 48601 27479 46968 57776 14047 20567 18501 18562 62354 53462 41748 22136 55116 49541 41764 59097 30561 44459 28504 25015 14900 50218 61175 27259 23275 58544 56686 25968 22442 45718 31822 57353 62443 18729 40409 53680 54615 14010 25571 52499 16659 9405 20100 41488 2873 32032 
20602 62521 58393 42676 55930 55264 28729 36508 43153 22093 14775 11823 8789 47701 18538 17920 44482 44657 24408 32145 24590 37049 24858 27950 15690 9725 59668 2591 27532 64726 23649 151 62818 949 38988 57845 31347 6706 30147 19353 46650 55304 50197 48101 7 20231 29042 47026 54511 35959 16256 27741 60774 55824 23847 31681 23002 16153 63903 44934 4700 1534 8857 15061 12929 20445 44229 15211 11256 3457 15184 16882 49360 26272 5644 19511 54733 47680 11196 17133 59115 61772 42697 37774 20756 3508 45681 12720 28726 23823 16893 26169 36666 44102 17001 47499 58558 25056 2990 61745 
52842 47248 894 57844 13034 19835 45810 7749 51544 36557 40345 52352 16830 17667 17958 20461 62857 17281 11559 28343 41177 8537 32805 63489 28144 64059 12820 35090 27845 45742 28274 63280 12383 27136 32703 42142 29352 26376 37916 44439 42612 37282 63724 13286 13153 6340 13157 42702 9868 56893 40089 61602 29288 9079 11214 45862 33509 53148 2779 64870 9106 41125 37504 35244 18826 24914 12054 14712 32785 11400 32548 42892 33146 17371 63991 23693 36251 14375 46582 10285 65518 52352 18919 9861 56598 31058 62911 8247 58395 49190 59556 1966 32005 36777 52168 35654 17600 40018 25744 29900 
50587 22684 43637 39183 31856 64367 47074 10271 5148 4108 864 9308 64865 12174 7073 8061 32453 39369 27377 36921 61095 1284 25191 40867 36711 31765 34926 45044 56513 49902 9618 42116 1548 6194 49315 9630 28938 29968 48251 31530 40108 26717 40110 65399 16929 59885 2671 50963 49240 19877 52316 47760 42446 54927 10250 47118 54471 61000 26892 24396 38633 49265 27287 48453 27674 16977 51587 56053 48481 31568 62672 31220 63730 58986 15843 52317 62495 28081 50357 7052 21117 32353 49547 29655 33479 48751 64534 21153 22068 60918 14624 20590 41992 892 36491 56354 39403 32110 64567 33404 
10267 5963 50956 25531 21872 57612 24367 2748 31082 65137 8698 4374 22808 53367 51371 60042 37339 39113 51209 38317 28611 57906 31277 56627 25139 50485 3105 49648 41869 5764 56502 30942 56997 43078 4346 3301 44816 674 37045 24756 46758 9724 60331 47502 52171 61043 60511 41418 64247 33929 38416 28155 1131 50384 42316 41839 13547 54062 58594 6460 36933 49113 13691 59129 34751 16386 15291 11987 54589 22128 19701 21561 57585 47501 18585 9460 20343 9004 34199 63473 34269 61067 37374 63549 45767 16795 10679 21631 40251 33159 31363 271 27909 61280 54590 47888 39869 62971 8003 59626 
2408 61449 16535 49313 16744 17049 45925 33847 9816 34150 7923 15594 3406 50316 47631 3658 33710 49289 12151 17782 31307 42086 2397 52333 45651 55639 37595 8409 5105 24130 2098 19056 56650 26663 41849 11605 52781 12354 63972 59504 51917 23156 20699 13593 21068 56996 6625 45812 3841 27985 52919 15975 28399 61908 51759 27526 14362 11492 25467 12634 52134 2650 20239 17300 17185 1046 36679 30340 15032 11092 29946 53924 8178 56110 28972 49775 53436 61322 6286 24703 18934 22421 57729 19645 51415 62583 36320 37007 42716 23156 20006 9517 14928 62385 42293 50698 23075 60355 56522 46788 
36425 35680 65253 17462 11298 29812 22374 43554 9467 56126 38068 41310 24579 61091 10904 21458 17212 57754 44651 46230 8437 13202 14128 13459 26493 61868 20655 19086 53720 37090 37849 31634 62660 16871 333 19340 27207 61696 3479 38258 48823 40882 47685 24104 46593 24003 28279 33402 59603 47201 21941 34669 6389 3941 15821 6411 41886 63878 58703 29489 30973 47539 15156 8958 16539 22497 17700 32798 38362 28642 39279 5882 28695 51382 11238 22624 31349 55205 30180 3141 42340 52347 37671 1538 35000 23005 16504 21120 34493 47017 65160 54833 29514 11922 53962 16268 4726 20096 18264 28772 
57846 51022 38504 59883 65053 55183 7616 61368 53121 44419 2330 5513 3745 59133 32404 32012 25885 49174 43788 53102 52726 12388 1848 24012 11877 47802 59833 6545 26488 13241 422 41558 21432 63168 26862 4651 23023 3270 31005 27462 54057 8865 58438 33424 59685 32894 49530 52783 19199 39784 24785 23503 22819 45906 52876 2930 22881 62318 46260 63103 27536 49807 25860 6315 61116 12690 51471 53927 13490 20040 1544 36791 16331 30437 37497 29359 46446 35063 41130 6890 56485 56263 15978 63675 13397 59431 22456 57363 59093 12192 29021 15765 31449 6802 39811 51683 28590 4970 34601 466 
6524 43103 39575 42204 22399 47979 21441 17407 61591 17667 58867 58926 10760 8922 55544 59001 30914 50629 24631 32181 1817 9435 44899 2770 50853 20551 55122 9236 31209 21453 9845 53737 18331 50683 46955 11196 14817 23615 43775 40641 62588 59225 52082 32697 14725 22825 14641 26699 21998 19387 5424 50150 36862 1840 42505 20312 13735 20845 16868 27471 23338 57355 13762 13112 63120 28425 7529 20612 34802 8043 20920 39164 22184 57021 36653 51748 1601 24063 2117 54761 24688 54330 47454 59278 35122 20124 2792 19809 14923 40353 23425 20931 12223 29671 34415 34218 290 3548 47755 24757 
36969 28125 53674 1633 33773 36576 35078 2266 47778 19575 42627 28925 3 11837 4338 331 30978 24918 47430 62026 10832 22951 2132 30880 1674 4718 61851 43182 24536 61423 43258 27633 45240 55138 16266 21596 26525 33619 36101 14852 25920 9009 64015 52104 47851 36869 55604 5579 31404 34392 39341 11602 12589 23577 45038 57733 50351 14727 20972 26167 29744 47152 47139 1029 36203 21145 7510 38450 37140 8014 20044 34464 57828 57999 19321 1944 24503 57385 64894 30273 59307 5012 49834 7051 811 39546 44208 62848 14098 47595 36769 12338 45336 25420 7353 14522 29396 13110 1893 24951 
46328 18442 40438 52664 55225 14796 59348 7932 24574 2543 27016 56618 8102 2418 20093 21969 28292 2700 55103 24591 36525 2722 51693 64906 58064 34785 40511 12112 13494 22734 19487 5953 47019 17400 17808 22187 37979 15875 2265 30163 50402 20314 42151 16262 18151 1543 35319 46426 42990 42536 43478 24245 20980 2448 58170 48781 61306 44597 30288 25876 11376 11792 37503 44459 43810 25990 20163 8083 57089 42466 17532 28719 44628 2375 19675 24643 63686 79 50769 5474 11180 40120 48989 1050 54336 19256 11079 27051 58522 29849 23436 18036 2992 12901 52125 63463 19454 54942 30840 64818 
56769 40423 8805 30586 29411 22779 58730 29205 6989 57686 59793 21654 14892 59073 21617 34966 35309 36604 51755 35816 22280 9420 46645 10828 49434 38334 24244 21967 34439 46386 51521 42922 6254 17188 28736 33655 9144 37770 58076 63989 31802 47675 28844 6485 19540 24115 17352 24422 29691 45327 63462 15252 51619 45445 52766 31497 64203 23882 32833 41860 33160 22363 21422 5371 29631 20035 26530 34253 46020 44806 21132 54562 41884 13464 40376 58311 47716 34018 51873 28653 34920 28656 17567 39580 37542 10623 23492 57404 20012 50718 26021 57126 25283 62942 9865 1854 25355 26572 19269 1854 
63607 26029 27696 8027 10292 18290 9540 29987 47582 10616 19640 58699 46114 8892 12721 21985 28153 8065 15422 26202 110 6408 3324 49134 21316 13749 14410 38223 34945 27317 54369 36536 49024 30486 24998 1552 50524 33941 7872 7781 22684 22576 2002 36974 50234 5163 19841 8007 8640 780 56358 24389 8910 63356 19405 23521 18820 36617 24543 49830 5793 3462 57431 9175 55589 28502 53158 54047 5595 28344 14165 48014 47225 39305 56982 3330 48885 10794 62932 31188 25543 25082 2316 60891 41454 58059 65381 59919 24206 40389 63969 34733 1425 17207 47401 19896 47741 10046 6460 35519 
41939 25899 10650 12338 34817 17188 4133 39266 14747 20206 55774 60327 38663 389 30200 47724 3597 49818 4327 41661 13481 65244 56412 12291 37375 18177 47109 13516 52294 25642 54886 9499 4755 48810 50470 24658 28935 58799 43822 19966 49606 16317 20944 17511 13357 18966 5742 18424 39358 37450 48531 19031 27771 52761 58680 41141 11947 16303 4169 34737 42588 51243 26019 41037 4080 21762 40381 38262 10772 28325 56795 16114 40731 38149 48596 44212 21902 41367 61915 56492 53840 603 4173 29171 50915 20481 16785 20140 51020 13321 35244 44725 9912 36841 3949 32813 49949 47869 21157 34384 
1003 32518 59715 53360 18454 64370 1714 2905 36730 17595 12574 24193 12360 16823 26665 37371 3147 102 48907 19144 28396 60428 21200 62850 28216 13004 58108 27811 62946 59153 34075 10222 56755 64430 15941 53545 58997 40555 24517 11832 16581 46807 32493 24241 32313 7092 12288 8204 64915 7488 6437 47422 63 12809 32463 24398 43430 62511 28938 62927 57595 39789 20584 33506 53411 28703 49386 4147 43868 484 44123 9332 59754 17827 29018 63021 40575 10106 2816 62494 27479 1754 4279 35431 48129 64700 44424 23499 61585 12899 29261 56864 38896 57905 62107 13174 1989 30852 19392 21838 
42262 10130 29090 13384 46495 23130 25974 13781 25745 15438 64149 60757 60735 34020 23910 30275 29454 60241 11521 26052 47898 4037 40206 51806 49284 61096 19123 16977 58045 40311 59014 10059 37287 46860 22266 36737 2660 42264 4768 38417 52707 21251 64161 3394 60986 42718 17050 17291 36679 51098 63639 58707 55991 23780 63261 5905 18717 57143 16370 36030 61321 1047 41439 40439 5783 62805 36781 23141 43181 54465 46376 35497 2153 14887 32453 16081 54693 5504 29744 21504 33068 8546 44887 9733 5444 26864 30479 60543 24428 36293 56598 38554 20942 10022 65016 7115 29917 65359 40800 50793 
35553 27253 50213 52922 17666 18120 61995 21762 1594 22476 45065 32076 30130 54582 54762 11306 58570 10366 12698 22096 13214 38958 8275 64774 15389 31584 25163 32262 63589 39537 27266 27510 63799 47840 56712 57469 8670 49214 56128 34855 12867 31098 51641 57907 48228 31494 62503 53872 58720 34483 65009 28344 32828 3380 35404 3872 37047 56212 5442 50757 28277 43685 11413 7361 19807 41499 50866 46429 30886 33536 18214 15258 24615 17490 41010 33105 46621 20251 22894 4023 59315 46515 45451 7489 57898 8088 1391 23060 42956 29279 25285 64361 33885 42592 18088 18631 17680 32684 25478 53109 
12422 7327 64476 41474 40732 10863 1194 23609 32450 14026 33914 3877 38812 49391 45591 46343 19651 5723 38268 10375 46219 5454 56291 49452 61575 45572 19386 19989 60287 59149 22445 23756 24178 36843 8159 55171 18627 50236 8529 58551 60195 1712 59996 38660 16788 55474 30610 21808 50635 62866 4322 51435 23395 65484 24049 56486 5774 2710 44983 34785 63059 11100 22648 64703 21754 49152 23884 48083 30314 63579 2848 22795 7358 12381 64535 26157 18939 27340 2290 42471 51650 27465 27417 14171 14428 13490 63515 42190 58315 46441 9338 51966 45208 64868 65031 48844 41639 12358 13612 35756 
13440 30926 10610 6845 12469 23949 4965 63806 42732 23784 31131 42038 8995 15588 61548 42836 14139 63568 24181 24276 19054 12590 33724 43120 8481 41348 30869 14715 51586 13343 52294 10004 15215 39587 61001 54536 60200 41077 37106 37885 60221 41647 55134 8632 65349 1381 31887 35720 30136 28231 4263 45033 40001 11642 48620 47207 58319 19722 65276 59634 60518 10083 3480 51791 64934 60365 31663 15654 34900 46527 27069 35184 62445 60575 16878 46510 51768 23999 25379 52483 27165 62486 14746 53063 35885 33935 8025 45853 54236 60410 15678 52818 40196 62078 37926 16420 40877 53719 37772 7776 
40665 16713 6791 35335 26217 8739 65159 61795 42058 40234 2916 35173 26758 42409 53123 46464 36956 64575 21532 12848 53856 41637 4878 6150 11888 63139 24842 50202 49716 34184 20223 59864 20095 2904 60950 19669 19612 2082 35292 38346 12740 20006 2928 43426 53069 58643 50997 41086 48960 39545 1378 37270 12404 63226 50074 16782 3034 65304 33966 37507 13270 58219 21538 9 21923 36698 35647 12168 44726 27059 46568 39490 1461 43616 63646 4878 25508 32060 49829 2001 51634 57933 35529 17111 62699 16509 31998 60059 62993 48907 38827 53823 18458 2506 60689 33803 27709 23684 59644 13497 
28326 58589 14092 38288 33481 39485 56703 52356 46769 7762 48621 8361 48082 1708 16452 49979 20750 52979 33925 18625 31309 16992 57862 49347 2398 33547 15162 5581 56100 50226 64396 62116 57461 7470 16797 39056 5601 62093 59227 60524 16996 61347 50188 4571 60520 46873 27382 2309 21131 19739 23974 6888 57335 39317 46856 47505 11030 55922 29520 1566 55257 49473 15745 14767 15052 33666 24934 35599 10601 40370 54864 21606 20588 22181 24051 63318 12834 5698 35002 54334 20961 50877 9262 18680 26906 21903 23157 35610 8590 48721 31341 51915 28643 1767 44309 59676 59880 58587 62368 37993 
40048 18051 10601 20763 45135 10397 30051 32371 47039 35270 51334 30200 12128 62502 29857 4575 38844 54741 14072 2915 56573 23258 59533 55537 13636 23469 9074 38003 891 45647 39300 28370 19953 31440 41624 43576 55023 57219 652 60804 64568 7249 11628 51631 54747 10696 25830 2419 52970 36732 6834 12843 31930 7244 20176 6333 27508 27691 9428 40452 61152 42466 62626 51720 4443 7120 61764 64269 39746 18779 14232 50944 4902 23908 37108 33488 63185 18025 10635 28526 31002 37057 64899 26392 57206 3166 64590 32583 43992 27437 2943 33074 43644 38057 11881 33556 3391 63411 14805 57202 
56476 65450 37405 24655 31166 43578 50533 46215 39944 36842 18048 51003 7586 5511 19874 39931 58631 11774 48709 62491 8456 59370 32753 36144 59622 52377 13153 34014 880 37533 26283 54023 31214 75 58744 26540 13004 23870 1900 39165 349 43367 25992 24068 44115 13789 48980 31195 62733 30809 45167 33652 24004 63877 38832 20163 30445 10736 48506 19391 51907 45015 44506 460 14663 8040 32514 25713 57296 966 35120 39005 12625 50827 20904 55820 54057 53783 33514 10090 16648 52640 58811 27805 35322 62793 7893 30506 44343 40002 57872 55861 15559 56428 29134 358 1703 47000 31579 51949 
64532 40814 29335 9971 7055 18501 14382 17036 14804 29653 4199 7124 65163 48135 54586 24716 19109 29186 43083 36973 54921 16847 46537 11942 58071 38205 14688 32044 4351 29892 39889 59963 41218 2104 57149 21066 45887 13833 4809 27901 55847 24675 48133 27053 9314 28280 20147 34001 33856 37648 49340 48670 55285 15334 3115 49249 19902 38779 27542 58092 42091 1648 62960 52335 61486 65042 17624 38401 2163 49741 4994 12847 58569 41260 12628 34790 56512 4161 56084 59525 8973 1552 49122 43161 10336 56177 11605 36035 45379 52666 1062 56934 32331 37151 56862 47681 44579 51060 36629 22765 
11674 2359 17514 64086 49030 60285 49743 49083 54699 45769 16930 59342 34176 40947 40765 60949 9421 31573 40757 15081 34650 46790 19904 30358 38624 57421 29050 26462 33751 29852 37153 36188 29935 9254 3449 55272 53459 20650 53092 30398 50216 51588 50716 26501 27122 49947 43972 38478 33583 32315 11568 47476 29320 64210 19809 43155 29207 26022 22751 57391 29921 9868 58571 10230 16188 9506 46191 62362 49779 16011 59410 44840 11987 26733 26884 27548 62534 35162 23229 56159 17013 16898 8540 13624 48455 17 62419 18493 7354 29623 7007 25336 10516 37473 54154 32301 61971 362 20035 57634 
53311 50723 62490 11999 46218 40134 57308 10687 64671 22535 38179 16263 21340 330 48770 53606 17695 25538 44319 41803 34937 22373 19322 57080 41234 3629 48912 53516 12206 9934 33765 17678 64384 53050 52892 3209 30563 57140 29725 5182 2625 35787 64870 53899 10825 61467 54688 27217 48907 14766 3447 64653 9399 2168 42193 30368 49276 23234 17152 64692 42725 801 53899 39282 24758 19857 46723 37637 50355 55522 18497 8436 9465 23457 53719 9765 57967 19231 48163 44425 28986 19794 8171 47587 24444 22673 50394 28858 1790 46536 47328 13734 21249 55943 44986 27673 21165 29168 64912 24100 
7269 7763 4968 25883 52911 9233 53003 65360 33492 63507 13072 28654 24134 28147 21483 64869 52732 30330 6487 1159 37490 4797 49455 37006 60075 56732 3536 58673 27597 35114 31828 65287 4751 13710 20785 25106 7373 22823 50373 28530 37588 46384 37817 37709 32327 51297 40113 18809 34156 61721 56509 26035 36429 17357 33932 50879 4636 64524 44658 23824 52603 54235 65129 38099 25802 47786 10526 34427 60927 52693 25230 39079 5506 4837 19905 63949 23676 13616 6648 8567 48650 38257 54599 63130 33842 48452 7436 21112 35035 2160 7273 43966 25980 26868 57839 6459 49668 15920 39413 58300 
23623 27757 26357 4044 38440 38333 1359 49532 57169 21635 63769 51992 58424 15942 61997 7112 46780 5242 40340 28349 34852 12240 38424 55322 50726 17315 25810 65523 52512 54072 47702 25310 33150 15836 63517 34476 26133 6292 26586 32498 21381 14624 35360 42929 44290 51906 47258 15718 9621 27988 43034 59187 11944 14481 47570 21479 44553 13380 12649 50861 52575 49032 20653 38753 38437 33336 28306 50453 55219 47770 5819 58103 27494 50702 8810 52032 15091 51523 59014 51276 47653 37233 22586 60913 13110 25411 48841 44156 57574 46944 52872 49784 61945 61541 23477 32041 40134 14621 44964 4639 
6357 39087 45689 56968 6543 674 35761 55739 62427 50875 230 51473 6954 48466 47795 52987 35791 60279 60921 14179 35259 6410 38269 8545 12309 55769 44306 41390 208 9728 63194 39755 13568 29346 41413 35261 36198 41153 16111 17219 24260 60300 31447 12035 39980 30142 29528 59859 43674 35690 50178 29472 6097 6551 20329 35732 44107 63004 34298 44149 14418 23756 17251 59079 38457 27085 24225 18504 21657 25716 55933 56121 25961 17632 56572 47067 33246 39354 25563 42815 52751 33393 13148 19307 6453 56777 35517 13219 49829 20851 29868 605 28687 21879 33328 30863 46325 43240 24841 6196 
46036 53611 64862 21822 52115 49144 4558 8657 16218 12248 56289 35828 5860 1297 20476 10127 9228 47909 10492 26276 24108 5799 41069 4802 59535 13241 22227 33993 5932 13958 52329 23317 23735 57298 12833 61631 29911 18582 60219 31604 21458 25464 23069 36299 63294 54981 36367 9189 19186 50130 22115 29554 11328 30354 22041 57541 53961 28356 35852 38651 42324 63104 7093 49580 26284 48750 62938 54001 60942 21787 20441 49395 27738 42341 8214 60582 52166 2409 23858 14747 44062 50518 32715 25725 44 27335 47103 48603 38316 55041 60488 19842 27047 43370 41335 16757 19615 63515 4651 5295 
1744 62395 49507 12762 14912 27891 9318 24494 25721 56319 49735 54868 31020 36445 44878 58780 40652 25889 26367 31463 8502 23417 51586 17218 2605 61698 22407 2259 8466 49666 41050 56503 54580 19403 31247 21235 2475 34116 62582 17517 35602 9283 56121 58339 694 59120 2925 2910 7964 19375 50178 62863 16587 48165 2499 6731 54733 680 47155 15579 11615 23085 32046 35359 35726 56498 16159 46106 15808 51809 34875 64598 8836 46335 40877 28856 16865 2925 45915 55796 42729 13974 57737 8812 64107 54783 58087 52917 48287 20565 59197 33469 4964 24170 51124 36271 63867 32478 25695 1715 
51397 58874 43319 46117 31278 54229 57062 621 31852 60747 59360 51223 11379 27572 20964 21126 35233 27210 16185 30639 1022 64860 60028 63694 2798 55372 30204 18861 48248 6445 44573 31993 4672 16936 47903 26840 19930 4441 25913 64683 3830 35810 62955 51930 25398 63385 10419 12452 17600 39061 42270 17654 38269 22599 61746 51782 34284 38171 50500 5907 38688 520 27876 9858 39256 53417 29406 53304 45328 38687 20552 14804 6267 2158 9832 31245 62170 13830 41058 46423 4714 22554 18379 47852 22681 33971 18960 1795 20164 20016 7809 10617 44120 26902 58730 52809 35094 37624 30291 30189 
3560 56257 38508 14790 61353 29272 37017 31801 54922 30363 53267 45099 14240 8929 43024 65266 39439 51088 12192 26353 32688 21920 10648 17415 3796 17088 48940 40792 10645 225 46452 58457 2369 35657 51504 51553 45105 40999 41885 17323 51275 20526 7555 45892 40523 27726 62911 26036 55615 30907 8950 286 63916 20959 39184 39193 3249 29072 39231 59507 30860 54840 10618 8026 13647 35973 32851 51819 50888 5516 9709 42323 12949 19509 16771 10415 35804 62443 6592 61592 62461 50765 62121 2167 15862 24767 64950 25131 9163 31837 23460 21831 20605 62125 54088 57289 65461 16974 20164 8058 
49536 36979 39992 51846 2233 60684 35977 58319 39221 48208 20626 44308 48699 50427 45344 58843 55073 46785 55878 17437 34864 60513 30192 19665 34179 42683 56911 1780 21124 32644 53650 59564 64696 59629 3739 47127 52189 34028 46964 60602 8031 57752 27186 51158 13162 22819 53236 28742 57555 9547 16433 27799 59586 33637 22768 45043 17488 50432 60573 38538 46659 44389 57332 62176 22916 42829 48650 4581 45122 14217 56632 42832 61429 36249 34697 35340 38396 32093 24494 15629 3472 48397 14981 21078 20930 8260 65524 14044 62599 24009 25024 28567 28498 55831 34078 57233 32358 59661 41721 59857 
8442 13416 1570 17759 44247 50761 25252 8245 47610 47310 47358 44325 26528 64333 2033 43862 55529 52975 37012 65322 7104 45331 10218 19860 34496 55873 19162 21072 60225 1080 64886 41134 24560 44693 25951 3056 52226 51210 254 35390 42662 59333 18035 63991 32169 32621 35703 45465 28362 60798 23480 46795 47793 50068 44528 15590 52344 21944 23454 3778 1991 62842 47869 9434 44604 54821 57031 26220 13917 46027 25994 32808 32519 20539 63907 11602 64795 10029 44733 57907 9997 8264 52324 53192 37931 31421 27875 55808 33323 14363 43780 24741 53952 18676 1736 2467 52669 23157 31279 17771 
32698 6724 44533 36659 60103 45398 62262 31314 25438 13809 17500 22383 31135 62727 6808 44008 21663 13588 18439 53978 33873 2714 16868 51045 62111 6463 44938 56060 24761 33028 9099 6858 26325 32686 29651 24777 37517 3301 65134 15254 62700 23653 50801 10243 56419 19605 20926 34482 62040 33218 3656 49317 1089 29337 7941 516 58156 42149 24434 59954 6990 64710 55196 8157 10165 28118 19823 53782 38195 16752 31883 23646 5496 10900 52633 17339 27084 18512 44839 10674 38945 10828 23635 59046 45256 52964 9567 43020 28623 42841 40575 11805 17807 4749 61130 42237 53811 63462 18922 8613 
13570 39126 46984 53119 59857 46795 60775 46415 56070 31703 6098 36691 3037 28514 27058 63857 51931 40896 52982 51937 51434 46901 40139 54491 61119 41180 61436 20299 27659 30156 11803 52321 23320 12788 43298 29845 53064 13882 60668 16158 45896 43558 49602 38998 11304 11991 39626 41162 55760 62140 6514 6570 49635 64815 64932 52711 45198 27282 38819 22503 32575 35067 41734 26795 23799 29712 55855 47029 17539 56369 42575 6281 4718 11082 57398 48521 45610 21137 53405 36109 650 58655 61656 34399 35949 30407 61291 60209 24475 33509 36180 6067 50218 25903 22565 26074 10771 32364 15040 10324 
63718 3397 30577 14780 27967 33389 19087 56293 29632 9326 49032 20117 59773 61904 59893 21969 16912 8059 19766 41753 63487 35227 22251 54386 41281 39875 7030 30037 50517 20110 45421 27442 6664 5598 50157 22181 10134 31670 4462 51956 26147 65492 55096 22716 49693 23723 42558 39187 28775 37351 31211 8625 51848 48902 3261 18566 20530 58199 32435 51889 42092 54616 20152 61573 15631 57656 30089 56104 13675 30695 38604 55618 64348 15190 23795 46567 1465 61575 56079 46572 14587 64449 25922 50863 25234 16501 14340 57052 11315 45635 32938 7235 24366 18794 51165 29428 12149 12748 57428 65035 
62606 16608 29666 3457 37849 15144 8302 36748 37772 48742 59847 7389 64456 28468 60565 4138 475 34891 14587 22927 11043 7010 60623 32405 9566 22698 64942 50327 19167 58836 61941 39547 1729 58627 4319 51551 33284 61336 56404 30032 42604 16067 56254 16689 53419 3630 26402 14501 16539 19515 3633 60197 736 21050 36510 22631 8797 11611 53656 60 45664 64004 41775 51507 13509 58001 8688 5411 61165 43214 3604 38471 29782 49266 6035 32171 18110 7073 2329 18675 28309 47795 10318 32399 52236 57436 43638 64828 14250 23526 10480 18782 35810 41363 23058 28590 47831 55621 62417 55837 
57807 45692 25271 51656 31448 54268 40026 39217 63186 4694 26229 15050 33050 29040 28132 59503 9153 44114 10333 46251 18883 38496 35216 20684 21420 31868 4583 4761 7568 7247 53311 59223 21889 40762 53889 15887 55859 28595 5808 45341 605 11924 3545 42630 36489 45645 56106 42923 13671 9490 39644 55607 5181 65245 40465 33166 25134 42938 46352 8578 57631 48026 64253 10336 50836 3262 12859 56383 60356 43074 22344 56475 61403 11792 2977 48536 59743 8498 9018 40514 5920 62870 5544 44817 26233 13666 43237 41144 38930 37442 27936 22846 29844 23954 52292 4704 25605 56160 36414 4630 
54150 18092 52926 21132 52923 3802 16140 59201 36068 49828 32250 29353 63962 35187 36600 52275 1092 25929 21178 50726 51973 27626 47932 5648 35585 59225 8946 40564 7852 31804 26605 60248 56304 24962 11349 56809 55669 3251 47206 41348 27329 62488 17152 36319 17046 17513 7953 59188 25342 31787 17843 36262 1407 22809 33254 21365 50965 2318 48495 1297 6584 13279 45571 5054 9840 52208 39295 5510 48618 26443 12859 55278 49235 16131 63267 62636 4354 62923 44892 19397 40926 14560 26125 23184 16032 23343 30195 62938 11405 4743 45703 3623 19050 23000 27995 27986 47772 1584 62889 20958 
17483 19235 33255 34570 54676 61121 21887 56358 43567 65142 48078 16941 15547 41028 28022 42803 56 6816 2913 53012 43462 19670 17715 38803 27855 42643 9664 14859 1017 48109 52110 28286 50371 51428 60192 1228 49456 47843 11476 52683 51299 18836 36315 40830 5548 32938 39823 46643 26930 45250 9849 6449 23187 8601 28738 20622 49499 41844 14465 51264 28187 49568 31834 21506 27417 58767 58933 3045 61093 33597 38801 33967 3134 8192 30246 38573 20872 8684 56107 47343 35196 15164 41501 20108 20776 17029 62368 44940 48850 16309 62197 40240 34123 38045 28826 22807 14051 845 57291 13179 
7431 36780 40934 56201 27351 5253 24087 20761 57991 19807 47864 679 10214 22394 59196 32971 56373 15141 46712 809 28526 55445 25476 60363 4476 37955 31609 63836 39468 851 31850 63861 39952 7855 41161 13810 37419 53232 30937 53538 11748 62376 43865 58121 25992 24174 4942 56032 40638 36478 20895 22357 62309 30383 65437 1011 35136 56120 59146 49262 47358 53846 63329 41072 23285 45875 45784 58747 44515 63534 6058 21632 40514 466 15127 62222 18226 37536 33283 688 7790 33678 31369 24176 31957 50142 18401 61724 9927 42454 26599 4568 40604 63681 33606 56747 22722 9711 27847 10002 
