70 70
11447 9526 33428 6927 24701 60051 34453 58091 41788 56308 20250 11311 34431 22283 61952 40931 52785 39071 1255 18527 35119 27558 54050 3638 53050 39133 16443 64541 34262 12680 57533 38199 16837 46034 6794 51329 34274 19766 58498 62022 6923 5833 41924 18411 50997 51729 22833 782 20826 38788 43890 38995 5710 52259 53791 63245 20712 38184 11361 38335 31745 61499 41806 26141 61270 21239 24526 25436 28832 22130 
65436 58902 61967 55578 8028 23896 24751 51976 22179 25239 24418 37404 16929 511 43851 55066 18485 40025 27351 62115 24925 63112 6861 14161 14931 44560 435 16621 61254 29573 56966 40240 25985 4045 22913 34785 34749 13370 55321 54257 41608 44888 1276 44665 569 21450 189 15604 41048 29675 19072 12345 53528 53004 4782 3437 28536 63996 25022 34866 34031 8418 62933 7014 20418 12504 45742 617 40032 35209 
43745 50577 26122 21323 26130 49570 3890 30072 33487 26725 4125 61163 22821 12715 35717 2891 54184 60723 48125 41368 17818 11926 53392 45273 57173 60716 36192 64380 25004 50580 34855 24846 49676 2154 27594 45792 14172 23424 38320 36480 43578 23876 20811 10551 12633 42961 50245 42929 45822 56413 41258 51874 38684 43061 23518 42645 26956 31939 18985 52702 57243 30933 52913 47434 29076 47349 35712 46120 37188 46537 
37660 24574 18584 25763 55198 42834 17523 57773 61381 61224 1166 10754 65489 23500 64654 51702 13384 23277 34808 4664 16486 18856 35409 10047 17878 39606 58797 18719 51247 35963 23613 44237 25010 31867 23053 63823 18841 51488 13326 15641 38170 36933 56391 9372 8783 31941 18875 12268 59393 38600 22496 62781 1804 41525 40512 58667 21267 39781 25845 13503 3901 56806 42867 50160 25290 30535 64307 24072 29694 19426 
4010 16091 8071 64369 45229 32776 51922 59106 9103 31587 21026 22885 17911 33532 53588 17592 44064 51922 38581 9096 63772 38546 40614 36630 1530 52494 8116 8615 13587 35661 22187 25261 64084 63471 4518 47869 40275 2275 21294 46468 29560 36620 44234 64302 40553 43090 27264 35092 6164 51578 10770 36774 13227 35999 10312 35094 35382 20827 18377 14581 13365 14497 39816 64655 40855 62389 56736 32372 35972 63095 
62637 19880 43239 23870 9119 38625 59156 36676 54635 44935 48228 62608 498 63808 21499 63658 59058 57224 7178 20067 9001 2458 28409 53549 59457 51710 47606 16625 24691 9991 25775 54479 42698 3683 29772 36048 1229 9210 5297 34575 6773 33781 46865 13495 5704 7190 28005 26163 4241 8141 35194 54366 52965 47977 40715 38622 9987 61803 9899 36711 35533 63386 3922 22369 6799 50152 51212 9514 6704 57936 
7441 4688 63097 58980 17456 10272 47852 9470 32524 1270 12402 40827 49623 60250 13779 42380 51626 12405 60132 39555 49996 44177 4844 58873 28468 19990 49675 57124 34837 38120 7090 36858 54048 38239 48466 17839 3299 2444 32901 37511 60935 56525 51443 42210 10464 6195 36851 52808 42929 2811 62505 39586 65107 47483 23607 20510 38771 23368 6416 26649 58861 14505 34281 45458 42720 42225 30688 49910 41197 1535 
27440 3071 5506 24798 40544 49317 61316 28272 55035 645 4409 21892 63607 56426 36275 4206 31039 64521 41360 21051 58160 22211 48001 38694 13831 44023 16984 18587 42601 11981 39506 4247 64555 21121 21795 36937 24206 51091 12544 23467 13446 1441 19388 50922 2514 30735 37983 45192 30356 63064 5060 44303 29624 52409 44758 11190 43836 55088 32531 2839 14819 36640 46276 64408 7549 53409 784 35016 28545 48780 
65400 28420 21214 60303 18639 15664 22056 45346 18817 18715 57840 32611 20593 28739 4326 58993 2077 63819 27229 34653 6407 45718 60975 27908 23288 55810 25886 52471 61946 14560 61460 14858 3332 18576 55029 63203 44302 40384 46707 64541 35866 11993 52914 9249 24629 39968 64096 21032 16328 463 1021 47315 49404 18812 41060 16981 64268 32902 50042 54312 46165 40526 20438 24463 33214 50301 61364 3691 56007 36021 
52034 21693 15182 46445 44329 5588 60055 37831 33801 11353 15515 29487 63275 29207 33679 5717 2302 32657 48217 56909 483 47291 55818 34386 43685 36948 62134 15972 4712 541 62784 53479 27310 14390 11300 14334 39714 2082 34506 38385 42105 50866 599 53338 47839 65389 8205 48590 2273 35838 28947 40739 40736 16641 45539 3955 6535 23730 58197 20348 23723 30674 38477 15518 12559 41364 18207 2509 31422 15251 
33312 35404 11489 64355 39279 6382 63391 57102 43321 35448 40904 24324 34053 59879 25297 30180 65533 50408 63470 29583 9558 30288 47907 4176 44976 42842 12732 54969 49270 11149 47914 50138 19383 6770 9244 27111 26192 27536 61155 61224 61640 57310 53254 25156 6110 12072 65186 4437 52427 25079 15206 34306 18113 21080 40717 12992 49778 29735 35509 45622 51155 18694 15395 39629 47889 6421 47743 38802 36977 27363 
20751 5926 42365 50798 7644 36556 58121 10611 62647 36470 19283 36951 48505 17671 39897 26921 65432 8841 30720 8015 58912 20088 2584 51267 22338 44182 62970 1727 5756 36076 43000 39773 58972 59600 46584 28113 57246 46198 5041 39384 61811 5178 36597 7184 30074 64170 51746 5921 52468 55048 20814 18837 38920 41881 26162 39097 23219 32796 40605 32891 22437 62205 19065 59801 26400 51617 16480 48548 46391 44397 
28026 29722 62195 293 38176 50177 60682 5515 35291 21498 65136 19052 46275 56333 44491 48329 44926 63768 63255 58356 65030 57578 58943 31579 12484 13089 30091 22893 32111 51038 51171 52825 3550 36332 64999 50221 53281 43208 57330 7176 53654 38989 33133 28199 46346 41311 45910 4733 47895 59130 26590 37706 62797 6176 2904 9865 28884 28017 58234 49344 46237 30047 29752 11849 65009 52059 17536 46892 3143 17343 
32072 21420 17114 56263 33709 51559 50063 36147 44417 49709 43200 4375 57293 7539 57161 32515 40638 31311 54545 22716 22505 19642 7159 58039 19805 58007 50793 4142 5175 56002 31453 53470 61597 42211 7110 61780 27519 11400 27695 61747 63792 4634 40911 11704 19615 59260 1099 898 4177 35406 27684 26481 63495 55646 1098 40082 27283 14983 33314 62201 7471 52765 39850 31714 63077 16836 15126 41464 34412 16125 
45641 10152 19113 24023 8796 50563 41194 62542 7332 7282 30647 35923 40916 47223 22111 62436 28797 365 8777 26514 52309 34270 10091 53298 7126 12164 3678 27212 57730 58112 30376 21661 34589 35909 1987 4614 37668 29809 41325 12910 45435 17736 64582 15234 63088 30235 37823 18787 28834 15727 34219 38736 32057 29095 32231 49797 29744 34183 58685 58277 4266 11034 33796 50881 19182 57004 2854 63939 38127 23567 
47978 10935 42689 27494 7057 58522 43507 5422 8999 5479 39126 34039 19086 40132 26146 3504 16362 19934 27819 58986 60449 25884 33079 45915 36068 61736 39683 32132 51075 54177 15548 44807 5850 18424 54585 29399 54032 30097 8530 15687 617 50547 7787 28219 60718 12154 23595 4977 23973 23457 57386 23739 25430 20080 18934 46860 30367 43724 56956 58548 12232 54398 51130 28874 21328 2864 60613 41888 7304 13340 
47109 60861 29219 10322 38286 4687 1767 15613 24746 59463 59969 52293 42422 6466 30086 42615 49659 422 3440 39821 20133 18888 41872 27385 50723 45420 54662 43576 40911 31205 43735 16846 22899 60592 13998 64201 11055 11341 47822 20230 30096 59667 3791 47464 50170 12487 21256 48873 39211 35654 2744 60922 47539 2193 20936 24759 33945 63548 59412 58340 44585 7104 8996 10872 10295 62691 45732 49125 60155 13693 
29863 53813 55492 31022 55105 13366 56379 30514 54931 51789 14218 5073 19814 35451 46432 36879 36263 27054 63295 18872 49769 7876 24405 14401 28485 63443 35755 31700 41369 36893 57049 54536 46308 5584 41822 47639 17542 45856 38238 27390 64968 3142 16305 19930 58962 57666 17706 54136 26134 41992 36780 60806 52188 12455 54866 14938 42914 10645 57674 24295 20411 38370 55133 19594 23870 35571 13115 54188 31871 23852 
3708 12978 64136 45962 53176 61838 49512 24766 51394 57502 11780 57361 11388 49558 54375 21474 51212 20613 49891 33846 1085 36277 54815 16919 23330 13822 3306 42500 8565 18119 42578 3610 26807 37584 61076 64453 51867 2571 2380 2467 26085 16661 57458 21797 42088 59693 53348 24426 61284 14127 20824 48354 19498 37112 36411 27006 24669 22724 46558 37044 58391 34773 59970 64269 57758 45785 32700 13340 60753 35065 
27427 30923 4764 33381 30214 11950 44579 8468 40260 59686 52871 59417 12992 40210 42201 58938 36965 30440 47268 33360 40188 32955 60064 53997 36554 57025 42114 55269 9102 54307 45076 14582 2251 48687 14971 39588 16170 40701 56145 52029 22724 28894 44764 40696 8505 55685 38614 21548 14476 26770 4396 26906 12325 44851 13374 5764 16544 31967 3025 16511 27374 38341 39153 18307 39048 63562 36791 10257 2336 47463 
25772 12958 6138 59840 10672 18007 36978 65050 36508 18853 45634 36930 3173 48459 50999 43758 36913 2539 34960 27099 28985 23341 40869 60728 21879 10867 21288 12922 5392 63136 55564 15848 59466 5584 12902 37770 20228 43332 29190 42860 58358 57451 26069 29495 36674 16764 23067 25041 39772 2965 27440 17588 20077 51963 29240 54054 41570 21699 17329 51725 61164 42824 54241 5532 34353 37137 49497 2611 33382 58992 
55821 1515 35923 29597 33894 62666 52430 52292 32972 29445 63905 60686 39807 46295 57221 49816 51540 11539 31115 23433 24894 641 38189 1202 63377 13729 39604 56581 7103 27686 27833 7687 21128 58064 37389 13019 34670 43844 45659 58345 4589 63148 42473 32311 61900 18774 42977 17395 2398 55932 52717 291 12039 31707 51491 35822 8966 7585 43807 33359 40311 5154 9526 40209 53360 722 62468 40682 60936 59210 
34880 29588 16688 59405 43842 42429 32164 37724 63669 53936 34080 8122 64330 21184 15177 60395 35256 17493 43079 61527 7468 36822 55841 62242 53074 10916 21825 37092 21411 27877 34513 4710 16947 10312 38447 35971 9742 5267 11018 1202 24893 52056 43999 13842 2325 12020 16320 43879 37809 51032 40709 3221 13458 34231 59241 54676 44734 42728 45962 5408 34172 52063 58543 17073 13655 7662 64946 9902 17889 31894 
36860 64628 62323 14967 10481 12380 24973 13183 55293 56929 7813 12376 16006 31679 27873 1037 43088 1908 45345 15771 41245 46703 22379 31682 11295 44813 43753 62372 30465 59063 27268 10406 10733 59139 34341 17993 2760 24572 2590 50259 22583 54565 18948 62752 49009 19596 55014 15532 3820 7537 49264 48754 13133 20609 53484 29572 51421 15752 5476 23502 5946 59403 30985 4635 15366 20733 45286 64226 59753 20581 
14885 33663 61497 11202 62301 28652 58359 33730 38984 21816 34265 56478 56349 49220 61689 34287 97 58188 12933 50873 29957 58766 23165 60505 31295 55219 1094 29643 60892 14394 33967 40093 56811 35748 48641 62748 13432 27681 56667 11597 4280 2774 34450 16433 36459 11552 31014 40615 22519 58926 65361 5723 65208 50254 23893 40522 20509 61091 25588 46744 54154 59326 59541 52670 49351 25775 44769 634 58646 37869 
32204 36710 39299 28255 26414 29914 12498 19203 64186 40065 8632 36799 28261 64228 64997 41416 48559 34436 26755 55438 28866 15757 40023 62366 61280 47056 47436 24805 47407 28421 34886 38996 48570 42762 20010 11262 15089 14330 41829 64165 3151 2216 63947 15958 44678 26936 51037 6035 6215 38284 2147 24639 39796 586 58862 63910 805 56846 12993 47317 30451 65069 10248 45846 55042 5520 40121 33286 54342 13173 
14684 17250 59494 19082 7740 12937 54030 45874 62089 43941 13362 6935 10738 43781 1287 56794 50452 8598 62782 5187 4226 30596 38462 25391 43851 44152 27394 26099 5395 5988 26844 34039 49218 39338 55295 45359 15025 49188 4173 50799 53972 64881 373 41295 22167 1462 31873 42568 22545 13766 801 6681 6978 10709 51483 30463 32337 33485 25610 51042 63677 13673 47677 7952 15170 29318 36587 56037 23447 19743 
22392 14163 63540 9262 32946 41757 43772 15519 11603 7275 57477 9771 23181 4413 63801 14919 62276 39187 1857 17342 48986 36788 2278 32677 21060 29900 21377 47613 58216 19006 29690 24270 62502 10542 56869 51004 41530 26483 57124 58451 63897 9393 32976 10540 43431 34607 8197 39331 37577 65208 63495 24266 36793 32195 1206 61325 63089 30509 24905 3949 498 28780 36743 26703 26357 22082 32718 28777 16915 38362 
27681 9698 11950 40833 61129 5453 25184 15422 39074 27916 13012 33167 11893 55931 25118 47757 62726 16168 60463 49593 17350 10073 40878 59110 49110 31057 41230 10340 48743 16461 63754 13312 56028 41318 24739 40253 31228 46853 35931 15005 54494 1230 17379 9997 16313 26132 34318 18109 60527 486 19865 1566 42012 28744 22836 3451 13871 28376 2554 50173 16181 16337 28328 61571 41576 11372 60775 36338 19 64382 
19438 12962 62644 127 41764 40519 3183 10485 63586 64924 5754 30447 415 2161 39217 11074 19455 15114 49947 25370 19439 49354 23252 7108 29059 24274 58108 39852 21134 51621 29793 10717 54985 63628 18933 56834 49489 51000 27707 43486 1272 11383 60314 5056 43751 20886 50601 52109 2858 25343 50292 43444 61419 1891 45498 11709 52584 2894 49461 2910 7492 1493 24029 29693 17068 18801 19239 53016 9318 29231 
60734 32178 34106 46763 28609 12531 56538 51940 52165 43162 14388 952 36485 5997 720 57877 29308 32652 47416 42904 15231 31637 49871 30639 25446 19236 47520 57767 48017 3256 46438 58269 25742 46964 42025 10516 13760 43474 54307 5176 64502 48142 43350 40739 15816 9180 51579 29504 35591 32420 15909 40774 49802 39477 44643 37148 10046 6671 34085 59666 32374 12870 24193 7271 41114 55198 50519 57296 26074 62792 
377 54720 57383 51379 56054 33023 51288 20450 53641 28040 35569 64205 27072 55570 25268 20823 14874 14463 9657 48907 49658 8008 42521 21688 40944 229 27378 4383 24715 51202 11989 16200 51608 17389 48929 27885 61672 38571 28922 36041 52316 50849 46551 56497 18709 48959 14594 10444 14237 36278 4487 24722 29484 57916 21209 30564 52163 59884 49424 47402 1345 15510 63610 25880 35012 21611 25961 38004 1044 64611 
31371 27515 3937 42918 5550 51786 52192 49784 34335 11204 13914 19102 11887 17494 11369 12389 3065 54739 33191 21364 43645 30146 46110 36914 17935 34844 64515 29415 42207 32889 14062 46542 3928 22345 53640 37508 47096 21903 61388 15913 41868 53255 29151 1592 48221 416 47344 3740 46344 44612 6228 54502 43157 8962 63377 18690 21280 19807 30449 10549 10841 19552 50461 6447 30659 4665 46371 10446 16842 23070 
37525 65476 31557 45204 35505 47464 32303 26634 22059 60074 25426 60843 12429 3870 10617 6572 42622 34243 9940 6621 9206 15058 8143 55785 53944 54463 42517 7067 27657 25273 36954 12856 31821 20243 35126 1187 56487 47599 60060 33971 58881 24431 21361 41211 42816 40102 45365 63235 10916 15929 39981 51983 61658 39084 22281 32461 20646 52525 52500 11557 43761 56788 12644 54320 40936 42583 58223 39010 12733 15054 
62253 9134 4946 2536 22795 23858 48210 4770 14368 4413 41854 51030 13111 50586 43587 51282 18899 32896 24282 9255 64881 14510 43340 32181 147 68 29498 45592 24303 57196 49425 13773 11310 40114 62994 47966 26296 11604 57811 34546 46313 9197 13984 29260 59545 37304 33639 11496 11504 19503 6016 10304 1886 6789 33864 16478 17554 58216 22268 41553 45484 31386 15679 60228 2184 11656 9146 59996 44280 12213 
10537 3023 62155 35040 57722 51590 15709 62298 16736 18221 51195 53653 58288 9395 56512 11066 11874 27113 61837 35766 26854 37479 10906 15179 26009 59690 42376 47251 29507 47899 25111 51597 12849 4825 42993 54608 60085 33143 54509 13761 32429 7208 1150 55855 43844 12766 16055 34524 23901 26999 3009 51821 17741 21676 10190 15044 58357 51436 56916 57899 45532 45169 57037 48863 4218 1286 28438 15388 11715 40458 
22174 43619 44334 43688 10560 62927 32891 60541 10910 20640 51926 52193 14024 7886 65084 15321 37711 16015 22164 35295 14304 38687 52253 2300 57263 35074 32226 34906 39891 64848 62207 30249 58137 59671 30300 24547 1300 60478 23356 29083 14999 31283 12982 46006 32108 44669 56411 31971 34965 30822 36856 29752 28379 55332 27467 11802 57216 60707 35126 15372 4663 24601 42196 55593 48103 49309 10398 12492 40772 23246 
1957 63003 12573 59626 27165 33525 1 23536 1411 35522 41027 6559 2376 21839 38115 58821 49739 1402 36997 20070 63409 4221 56421 47014 38255 8009 8256 57940 2887 11820 43895 63174 56018 37596 44104 5435 37830 6300 35573 51724 10416 55379 46187 34398 59990 50523 17320 50149 4445 64163 30310 46889 8253 42874 41716 17533 6726 28928 55575 19506 37541 20437 50283 53505 51083 18973 4576 31764 48888 1646 
40592 34994 35821 57608 56471 60163 57592 41105 18589 29570 34032 44342 27178 63624 34301 54696 44668 27841 16453 36341 64573 22713 19064 10074 8039 62660 28943 53598 63070 61662 50947 57653 2912 36910 36901 28941 63681 15539 37621 3795 519 45772 2866 9883 9480 27099 45525 4269 63475 21376 38348 10789 55918 34207 1437 6110 17523 12061 29947 5043 27833 58423 11723 10253 46767 1915 19131 29429 1643 59821 
50929 36544 64915 31740 43500 23521 5611 16167 26198 9345 20349 33069 17943 15193 11985 43530 41588 882 37577 60441 17257 65475 45278 58568 16881 58738 46560 23687 2675 59333 27612 48124 28438 29536 32863 20370 37485 13023 16148 35203 15957 13328 17528 53990 6936 60452 61464 12190 6054 56269 40321 64030 14066 52773 23096 16508 3390 32969 40658 41107 11719 39891 52370 46092 62482 60580 59286 23119 8108 8807 
61692 20412 904 52599 38523 32967 49239 56212 12269 6633 4848 29311 55544 61743 28665 55247 12775 22990 45221 54456 35907 54824 45397 40956 63659 34264 2362 36977 40543 38889 26967 7049 44439 16506 47976 55777 29432 33305 17983 50604 33206 6745 28290 50916 42015 58962 19943 12788 3942 31290 47306 27230 52734 15957 8152 45238 7991 17404 18838 52149 3847 58060 60972 26788 45689 28901 56945 56738 18095 4875 
56195 30739 65130 19722 8108 16550 65335 61443 57969 2241 3242 17334 14937 740 64489 7620 7070 3170 20254 53379 27043 61153 64383 50390 6214 60125 1504 23339 58384 27091 3593 26580 62986 34225 48036 33531 18754 62944 12886 46202 7701 23611 29260 862 45668 13154 53764 60034 40496 18969 33310 64603 33375 48110 31058 62184 40983 58309 34369 53781 20993 26472 23567 47650 35274 26360 28329 49637 543 58236 
1499 3750 58748 60639 65524 57849 50222 1040 28697 13751 58254 33338 26831 38477 14936 9356 48078 23647 53106 54414 6882 19088 6601 13537 3065 10071 36604 50267 50531 24662 2843 63929 35211 29854 28787 7263 16631 10785 42604 51079 5022 34049 42110 39679 21083 17461 41865 7749 63016 50094 26356 32204 5481 6861 19223 32237 1342 44985 61989 8972 49181 2513 33263 56754 25998 29945 8095 37337 49243 50890 
17938 23957 25412 26973 28365 49197 57714 23875 55375 17013 2570 25328 57169 11972 58275 21574 15669 33370 34440 27186 1548 43219 35645 3749 20332 22905 52538 62059 33529 44210 25529 1388 22243 11488 60493 21177 49486 1714 33428 45058 40377 43962 57072 37773 10686 6278 12473 6845 8041 8328 14603 37426 54043 42149 14208 5538 31053 13958 138 47694 50825 59090 60783 40958 7619 38444 65387 43757 63721 14615 
48523 47883 55099 42397 15028 43007 45984 14892 30160 21191 47589 18146 49127 34180 59586 35054 60067 11447 9397 25149 63033 6298 17966 34660 37991 775 22065 585 33950 23548 5808 32058 63745 20822 31853 20835 51213 19856 31519 23702 29334 5016 63071 41206 4137 63132 11562 18081 2644 7150 42643 18068 36036 62566 55432 43105 36835 6890 17289 20167 27508 43768 30416 34373 33119 33857 9698 32534 45448 4683 
44378 42939 33695 62434 42305 16479 8724 47819 22981 40637 63991 2929 11102 30821 27509 16118 34691 36094 52286 26735 33376 62977 63839 13223 59072 19876 38485 43681 6107 38993 31234 5127 63988 42516 18882 34076 57266 7342 49111 65504 2408 15965 24225 4541 50382 20093 52835 45061 15516 8274 35839 24842 50576 9735 52907 61596 34379 9971 26077 56477 37825 46787 12946 55430 29410 5751 18952 255 49806 338 
1645 25612 10628 59658 26614 25673 27153 56616 52211 44557 59007 53755 42300 62569 22141 60607 2066 45837 55666 973 17726 53370 35498 17210 20955 34825 50717 33417 62992 15156 48958 62262 31975 7102 12805 29032 65113 31685 60930 52702 2075 4061 53500 15775 62734 12775 13672 33022 25494 64831 18130 43527 21193 45066 52377 38229 16994 35881 51462 17120 36827 57755 27149 18529 3742 36186 45079 45476 33322 52360 
38149 37945 29329 65113 51770 14429 57338 17818 11725 7254 28170 13588 26011 38141 24936 26716 3396 30161 33955 41645 31953 23268 58409 12171 17922 16504 44601 7686 58963 34599 27818 16281 38560 48320 7038 51928 45197 23278 13272 45545 38183 11400 50885 56280 18656 58379 3526 50050 62112 56695 31361 36579 53676 40857 50930 38251 46346 58441 65399 18442 17573 54344 47379 31655 16907 61072 57260 5784 20394 45933 
22313 61244 22227 42312 15522 41279 21442 30046 44988 10153 1837 15033 34779 8062 22678 11388 40955 11558 58902 12075 63111 2348 21950 22628 52984 46157 64558 65384 3072 9993 27478 64885 54129 13666 25594 35023 51662 43441 24205 48424 17758 32866 33405 28679 48631 38389 15853 2845 62859 8423 6241 35850 39916 58777 58746 18051 52995 35853 41237 23469 54987 36365 50524 33954 6862 17748 22123 22999 49282 57793 
19468 45089 59238 20678 20180 41668 30092 10786 39194 47858 63643 13715 12298 2089 55772 62886 44274 25103 48004 50227 27322 8796 50264 40037 49027 31871 23343 37343 54617 55931 42808 59048 5134 1541 33450 24968 55147 58831 2452 2551 22052 37486 13072 31692 48683 31730 34327 22023 51265 61276 56259 26505 9200 5640 9055 36246 18113 33548 17539 9394 21017 55811 51438 65475 58157 21914 20985 53230 37796 25342 
37133 44587 47277 37804 60277 46445 52741 29081 42723 8037 34463 30267 60320 4358 58279 46932 11310 34838 49412 39756 11453 16821 770 50720 851 50412 44350 42720 18834 40301 2452 34784 40529 41219 55903 48985 17393 31702 45235 59571 24487 18104 54960 32112 46965 37693 55147 45786 28826 28116 36843 24175 44434 19264 46883 4062 45765 64365 40508 34128 20126 54484 31297 60459 1475 25430 42508 14107 45542 1930 
63537 17318 16670 36869 9300 15422 6085 15393 16565 16542 20834 21327 64505 26383 33154 53772 56463 41003 42456 5850 44650 9192 28906 15197 20750 7704 52828 33698 53386 20853 58645 30105 29451 51623 31281 41034 33073 55773 18726 6902 59585 35746 36220 31646 25904 39030 48153 20434 800 23631 7387 8556 62990 42792 7534 63468 30035 19938 57405 25002 47583 4075 40547 53285 12769 60604 14175 46263 15551 17106 
22885 22411 31344 3897 53479 48963 48279 64260 27514 36973 26893 4975 34146 61102 4517 55811 50870 1404 40702 1827 47264 50643 49222 62839 29425 63963 39815 39142 34740 30523 62710 20599 26492 46225 32339 5850 60183 50141 4020 24643 23940 7777 37562 38664 54722 14537 50954 6152 26413 56593 39018 34677 29338 10465 6843 23348 48256 23108 13493 34279 33726 51004 12796 55382 8466 21272 19906 24834 33013 10040 
14168 52788 40834 36707 21952 64377 54405 14087 43260 36134 19457 17229 54641 7642 18938 34538 15267 51709 51899 17251 51331 21788 49574 16748 8360 4431 52594 43053 52540 61689 15261 40471 50980 25757 3291 1388 50383 31390 8266 52372 6027 48016 38142 16399 61277 16699 35318 5076 12523 53078 60525 54705 56928 22473 44504 31938 22461 53191 55995 34339 6032 35617 33013 48537 16720 38875 53574 38350 4428 7725 
60765 18408 40755 63580 50884 52607 18886 6595 24787 12098 18780 2172 17401 38698 997 35059 27647 42898 62816 36666 34217 28049 56747 32436 9419 62849 20083 37327 35210 1861 65345 63892 2031 60513 257 54443 32674 1197 1115 64302 9681 60229 18090 39314 55836 16277 48756 22460 3313 56810 42004 31393 29684 41110 28821 32232 65521 40476 18783 52627 18792 22600 43753 33080 27191 21550 39232 25240 63910 50053 
32763 6179 38266 21395 5680 655 34433 5253 54479 65031 41536 46415 21420 6253 15559 44671 48626 60989 21320 34412 36287 22721 55527 42598 20596 6972 14376 39609 15264 34625 32805 35975 10623 48122 47501 58679 43585 58529 45432 42349 42379 20747 64090 12837 4069 313 62657 24044 56828 23824 54581 64650 55816 20227 34409 24481 21451 58607 50346 47110 26708 15229 30838 59825 9561 23493 31458 33824 28391 20814 
51662 52794 64699 24519 51286 54964 2138 18006 48491 19006 32041 64353 64215 14366 24393 53731 26366 23202 5131 6383 2168 52293 43111 15791 45439 58131 20009 53910 15728 64596 29428 51193 54043 55423 45125 62168 34434 24269 46019 63945 39735 59674 19354 13642 45128 36653 28052 9507 51653 18981 56034 22291 33289 5922 25092 59952 27248 32287 58794 60055 41424 54450 8148 50934 45212 45536 20330 41631 45495 46557 
55394 45900 15978 30506 8270 12697 60885 47339 49728 14157 29996 6012 23403 52508 35369 3845 49544 27797 63056 36300 19691 39749 30681 23442 12 49971 2636 57108 43726 30634 8423 958 57414 13969 7393 61321 23228 13312 45990 61614 7623 54157 57848 29570 41690 41563 43424 20201 51773 33414 47827 37861 56627 54815 14282 5194 12080 60574 19364 27348 52664 48668 11876 30966 44278 10607 15909 10498 32470 29804 
52907 50849 44545 35431 32148 33165 4941 29049 8144 31436 39105 63317 25571 62359 2911 40199 19097 9068 2307 5140 52762 39632 62347 387 15533 6036 25649 29982 31600 50926 35520 25291 29043 15404 34839 28627 33790 18674 63737 27988 32506 26332 35372 56101 3151 54902 53779 51349 55695 46752 28208 18950 52753 44433 63730 15119 13088 42794 4237 14249 61658 57950 39076 46649 32952 7847 52132 45620 18570 14100 
48083 41642 30189 62378 46662 42666 42157 5840 17281 24958 13213 31497 5886 26419 11472 24877 11432 52427 17935 61816 24233 51722 40438 18375 10528 59955 25124 65146 13793 9439 39891 38869 45298 47946 59582 36307 42768 55356 19500 16966 38065 42379 42848 38209 11745 24277 59282 38352 64729 20916 4378 1448 48073 52810 61795 20814 3035 31688 39772 38431 1247 48403 6946 49356 38989 16579 4972 41749 25190 64126 
46672 21031 22618 47747 45906 38413 43899 9191 32047 54290 23267 29919 59580 24905 22443 22080 35399 5085 37704 8397 42019 27157 1136 23514 61472 36093 19244 17859 42957 2234 62106 5866 57220 15515 25443 5439 1126 45745 56416 56653 22874 57881 34356 40521 50129 47111 32135 23052 64556 43082 48235 61108 1563 55648 31343 30359 1695 61189 8501 38331 25874 21648 62922 47435 23286 41410 30212 39349 15510 55865 
8984 35946 28429 54247 17680 64345 53176 40005 4016 30380 53813 60357 37086 12422 52946 14161 10456 11999 41436 55386 44367 9664 7276 42186 45099 18213 28978 39485 43422 13042 31974 13787 41693 58188 63451 54483 60658 61373 60256 49824 2886 44867 15593 48216 26191 4612 31133 38550 27019 61631 11274 22005 29117 49044 41118 32408 52199 65286 7105 16595 42743 57075 2742 30692 61962 4286 60436 46932 433 14677 
19363 32308 23131 29175 9628 19306 13982 23764 13116 21534 63893 14997 60475 37579 30592 28173 46428 6954 47510 3985 45435 62010 8132 4858 10218 13029 39210 7806 46412 11226 57500 44609 7675 61102 10727 4452 31493 1010 48539 54953 60532 33933 38976 57665 11939 42457 40050 24540 41157 23660 5908 15636 11292 1138 33064 14349 59970 35156 52413 45961 27523 52223 16407 39430 4887 25378 31905 33076 43636 42319 
3444 45556 18867 35515 24146 689 21824 50465 26623 41655 39407 11807 36204 49173 9090 63171 539 60231 7124 58853 59855 27773 30724 54544 31426 22791 16683 40282 43611 51928 33967 37123 29371 42892 42390 6840 56090 65109 32360 11677 17628 43156 11786 38582 28197 63636 6349 44101 34950 16227 46394 11232 36055 9833 50908 47686 55702 36761 51472 45643 39511 46556 12769 29521 10538 10157 28811 37473 19718 47278 
58837 10610 57131 11949 47112 32262 62051 43184 27688 25504 15355 1337 39468 59887 57159 49560 23849 9707 43909 17267 55133 54938 44380 16103 7006 32793 63263 6143 5478 57591 17805 51537 60612 31464 4501 3342 63946 62047 37885 49610 21904 20372 40147 18832 36966 36096 1650 12855 25481 42929 37868 51695 54440 15059 49149 33159 7199 25546 39911 65207 9114 15615 36947 17059 13746 24182 5087 58408 46813 29450 
24939 28188 39038 47931 33558 43081 31851 34514 30795 51684 63146 44708 11655 19994 141 44520 63906 64640 25888 59474 33071 151 59393 41721 53473 39352 42484 56717 42966 3529 10424 14584 25365 44725 37894 44192 2077 9960 30758 7111 51358 1870 37080 23100 31186 35530 10814 41322 43084 52562 57731 10906 11512 18389 14283 21534 26378 3832 63083 48497 31496 15574 13288 37104 39780 36318 36317 38656 63966 27601 
26443 1106 26997 54296 15377 12461 54529 61245 39516 9970 13405 29515 21303 64350 62000 20224 10880 50109 58420 44550 45124 35093 61148 32551 47484 61165 5374 17647 32089 57173 57454 62291 3491 15254 64010 2157 28199 25897 28774 21046 25828 18343 29356 47314 28061 54811 30616 19688 39623 3960 58229 4689 58196 6606 13717 53192 3969 44981 10172 19520 19290 38487 44689 25301 46202 7231 3992 61236 65043 37983 
51218 24494 963 2062 54464 7691 1200 43383 54008 35080 54854 21657 42643 60819 63907 15202 2255 18515 4715 59603 44525 16450 13475 35658 48282 1750 1744 60046 23294 56522 820 45996 2278 57838 3468 8553 16667 17490 33697 24549 37588 1175 9732 48745 16802 58521 59173 33687 11480 12271 28046 29398 44768 35713 49061 56680 19065 25745 56279 64063 22957 50483 23288 7175 19732 11229 50541 37867 2335 40824 
15160 64403 115 27295 15681 2873 52781 16373 6901 2384 48043 44579 53175 25715 20036 49606 58833 37902 27556 12153 23241 46846 37556 37861 52644 38273 9730 16185 39455 55237 42306 4303 32376 11261 23462 50648 36558 59263 11987 30773 40748 13741 33362 1559 32912 9810 62189 36713 21811 31003 65349 55667 54412 64122 12239 22493 43644 269 57361 48895 58556 58558 38702 6804 952 38597 50549 756 48990 32982 
58272 38200 56554 48541 16326 45063 3034 52310 55351 59465 64892 17520 53574 7765 28888 56134 24355 16650 46806 51813 16218 16249 42456 27864 22827 61839 20549 14695 16962 24288 29723 4665 10919 38793 21536 15731 43771 55306 57108 7042 59297 17758 52585 59260 17204 23952 19607 48182 60365 18378 58196 51402 25539 36108 56634 5690 53745 38205 23966 62986 33293 34017 19022 12495 34223 64557 19690 33205 9620 8398 
