40 40
36938 22994 43036 39553 59320 48222 35932 38406 19257 14820 42924 45413 13932 24304 33074 44967 12915 50016 63524 17749 54101 38369 51795 19178 34039 14891 8795 23771 28994 30982 29026 58507 51405 47627 51987 50463 31038 59342 59568 27155 
39074 19100 37085 25670 9544 64096 51609 40387 16635 37877 50182 37103 5043 12245 5104 29568 50185 35590 33610 46138 17969 37018 25073 17087 36715 51783 63155 53136 23855 25546 33211 15407 40998 53071 14454 17463 60771 13003 9751 28767 
35268 37411 53034 14450 27191 41329 37695 59653 35117 52480 7929 12443 60963 61443 37265 52879 39910 9503 41883 41328 11750 35654 60759 22411 4098 57623 9205 7400 11149 39231 52823 39133 36251 2751 51675 41527 53700 16992 48866 25396 
53103 59280 22541 26744 48717 37676 47043 40179 23047 39768 45063 3290 33560 40144 25411 50399 2316 12796 63653 34884 16384 45164 19179 56915 10913 21789 52102 19648 8795 14925 38835 48616 11005 12921 31770 54163 55457 21883 60715 25354 
15248 37795 28144 17656 51130 34998 21512 37708 12387 42419 339 56349 53336 17222 16736 63925 51221 51194 54262 37964 5456 26525 30977 43638 51751 25907 59262 30656 47449 55512 35883 11291 52682 23704 30426 58506 27207 23084 43105 57859 
4840 55703 35295 23071 33811 18207 28294 13825 18258 45276 23742 34150 64766 48209 53493 5447 39793 29475 36892 64718 54931 37902 39676 32464 59587 42896 35346 19903 54984 52647 34059 52505 20317 34084 37156 37066 5972 27795 35453 62712 
9106 41469 60945 6162 15514 50384 42066 33536 725 47684 14106 26109 30634 37561 32587 20911 24998 50897 61835 6699 60969 42228 7770 34431 30164 65381 45734 33149 18490 9302 51912 21723 19946 12054 435 3017 62626 17438 12309 41262 
57445 26 45072 52605 44145 46995 14725 57908 36787 3500 45259 15976 17373 15098 56169 51368 28612 60052 61585 43970 58397 50301 45224 8574 25854 54175 3652 50218 33783 28721 4409 28463 44043 3567 22783 4696 8095 8926 20141 9796 
52696 59173 37548 11376 8539 64911 41325 32296 45490 46601 29525 30638 46700 21215 54755 7453 24326 34205 29587 61216 25302 44512 62993 48075 2370 16008 31870 17948 9033 5676 30806 29968 51234 4048 14939 64135 26288 32640 35505 10375 
20641 10294 18774 14167 51450 4260 48957 58393 32595 2901 26653 1369 52911 49740 49615 17290 61800 42306 38469 47370 22775 7265 41133 6151 31350 9104 24251 39509 30608 15341 20690 43149 20235 52933 33442 18136 40859 39949 50501 62972 
60498 30871 15880 4696 29800 25906 64080 679 32527 33641 32585 16346 21589 26205 56949 35609 35763 56848 9361 25408 6548 34079 47079 60928 13289 26786 23417 23465 50228 46728 30451 10906 14368 55962 19904 28963 43686 47009 35420 54771 
42619 51291 59098 62789 40717 27144 64294 25108 23527 55232 2829 50467 11754 29961 49210 14559 23549 49369 52017 25458 37280 3484 19092 1735 2308 60325 30312 5441 54787 61617 49902 53810 61090 31025 58012 21932 47730 27863 4823 18535 
63675 34763 34510 45097 21429 30287 3332 52119 3498 55936 31199 16208 31380 31876 46712 18577 8310 26267 50132 29467 51020 23911 30421 10059 46529 10518 25292 3448 16091 51381 646 6892 7138 8654 8461 19210 6793 5476 36942 60665 
47891 51679 44234 60890 54126 43760 49732 40088 764 53206 38739 46006 1355 8075 15102 55851 10545 59479 23734 45873 40578 31398 11594 25636 7935 49987 51625 28572 64403 55506 55644 25995 47015 22166 51825 22380 63457 55964 24895 14494 
33646 5612 22660 47682 36007 63402 20683 31397 14297 31589 33978 16314 20793 31773 42214 20895 28194 27323 61775 44164 36443 10682 46469 32904 10529 44851 12165 6677 42013 14550 48753 27072 54357 52701 33407 2589 4821 46132 15199 35521 
14813 13872 42670 36526 58844 28858 58720 50414 59194 17687 44613 16358 17163 42063 10721 29085 63426 23976 61508 28104 17546 29945 61265 15405 22972 20335 37345 127 564 6612 20445 15552 27218 13814 38225 28160 15018 29586 42715 56856 
44611 25626 4000 15180 41906 19406 56451 62060 62627 7648 54432 45798 35866 50777 19373 28707 42577 1636 44535 36371 28679 31120 2555 50256 65156 40051 3953 18966 11642 21733 35331 40744 31709 36916 42112 48389 13273 49278 47764 60247 
31166 40307 61484 20561 22519 60166 51008 3233 50446 16577 51380 58267 50441 61477 29783 55948 28724 48339 59929 35414 10691 8963 46637 10255 25654 47550 54692 13442 42515 56011 51930 41962 38364 31458 20629 55731 40150 30074 16389 64255 
33994 23463 28961 1608 4717 23309 25821 3529 34770 14281 35860 46015 2251 24386 21305 41700 48234 55007 61177 41042 30624 9940 27382 48902 5720 40267 4205 11520 20247 63235 7145 925 42653 29977 61970 39607 53988 33790 51313 42514 
38433 11352 14763 38934 14006 29152 54826 25759 32876 18627 47441 45844 60218 20841 33796 29762 59745 59665 52946 33019 21962 61740 63115 9044 7407 11796 56599 45079 53422 16208 10886 61026 55110 41217 53976 8811 8782 41376 58206 15230 
12092 10447 40476 56855 21232 57311 52558 50963 5645 22299 32070 12672 40541 13980 5861 52669 17785 43217 45303 13547 45869 59558 41451 808 50707 25702 37849 32192 58572 20541 8158 59015 60152 59387 19668 23522 61895 52622 16563 40834 
6749 64361 32308 8950 10882 16749 29990 57545 39523 18393 10119 11392 8893 9059 13014 49816 1566 39102 5342 833 48538 61038 32965 33879 48045 14325 62273 9864 55370 53953 7018 2336 25733 17307 49043 10161 51961 10362 15529 30702 
15481 30616 43510 3770 49817 35422 56976 36182 4229 23648 9633 42820 41943 38306 1399 61338 9270 57822 58055 30880 23659 15369 64333 44920 59158 34731 21398 53291 26653 50660 39661 28115 51404 28409 13901 17789 46189 45228 33242 38599 
30872 13046 13674 42372 34705 24609 22568 5684 23080 22889 50768 3236 23956 19669 39500 58950 7061 38895 25364 43935 33381 2829 34076 47863 8715 44229 26971 3578 18723 64059 35811 52916 31551 56766 44421 34995 13607 32564 46265 45077 
5482 64425 1166 12356 25093 27252 20343 31955 9996 15393 46236 50577 33367 43142 5779 30583 59051 38065 55861 3159 20890 14033 53691 19049 8700 2457 17008 6456 59335 7919 19624 46184 36568 37870 47246 58262 58250 11424 46909 47489 
64243 13453 29593 6202 53076 24446 10463 56035 20485 16376 33180 51679 22527 54249 4861 6764 53355 15739 50291 23295 38664 64954 38185 57763 22603 63144 4328 19631 56959 39996 5081 51176 58734 55691 14948 36198 58541 9527 22063 6119 
57675 22725 55131 4818 53588 52784 11414 50361 15064 55199 59336 20221 65360 36878 7490 1141 33012 4760 53065 61822 5561 58516 65464 60821 52702 29600 5665 34422 63969 3504 44380 58197 59740 4943 21905 855 42281 33478 61771 8214 
51348 28722 12716 3376 46684 28054 62779 17098 5846 13461 35723 42536 3379 45172 10242 4652 54139 34588 1366 26568 19817 6798 33449 59931 2143 26274 56291 15909 22841 38644 50583 22481 58561 855 42560 9285 63613 3452 42032 49178 
21427 12550 22336 63885 12847 9838 26954 23077 4092 10497 48098 57974 36935 61667 2154 26325 18399 55549 27536 41748 24870 7810 43937 37689 33614 58872 59698 16853 8198 38700 64756 23202 24312 21612 46537 57744 45589 61052 1577 64531 
46466 25920 43111 57675 48175 60366 2932 8177 61773 7536 27055 57121 53900 16816 37083 36860 61491 23401 10939 57421 9489 61128 45219 27595 12241 59005 17207 61783 53782 18336 51802 16313 39432 2383 34351 11030 16328 9062 27893 47739 
12951 53605 8346 41452 43969 65264 42831 56377 3542 20042 26536 19690 58343 24953 10747 18396 26808 3760 52337 59708 46013 42769 47524 18931 19846 39740 25259 9434 10620 42467 16025 9154 33181 40687 33232 46328 1072 40301 13532 41510 
29725 42948 31670 5062 20429 52430 34224 63205 27078 54073 8309 34475 26130 14025 48474 16139 41885 31679 15029 41113 37432 20521 52045 51528 60831 45162 27796 60292 54874 3121 7826 36572 46122 58405 31011 35647 36759 51408 2966 42516 
64255 36123 54568 7442 39400 63212 12489 56311 34758 10473 16456 60762 127 8824 54868 50745 19034 59030 34313 45148 49439 27508 13813 52094 65033 527 54965 52106 42630 28933 7285 44996 60562 26278 45851 28106 27303 25740 64731 56249 
42825 21580 20031 51895 38973 20910 12416 49372 53416 57205 55544 15581 11497 2096 35206 41725 64905 21113 48694 8247 61736 13579 37452 62262 43378 20885 16942 7358 53568 36987 2663 4021 15369 45768 42977 57966 17959 16149 58110 8091 
47093 19095 54832 56909 55384 11529 60994 4632 29731 48258 38122 7618 63163 32965 289 64003 45154 64488 26297 543 15221 45784 9604 42420 17459 39973 57593 65013 8446 17008 50283 320 29005 28343 5493 4456 11311 12110 60623 58304 
15267 11973 57538 36091 56416 58266 51107 14381 30113 35488 45675 43036 8055 13228 25193 36382 46248 35197 48896 9818 28768 51102 10579 53833 2650 33158 38537 25492 60681 1634 9382 39990 8821 19581 4282 41261 60689 49191 32580 52345 
52010 52659 40946 58298 42904 23029 53876 32241 1694 52756 53550 7717 19418 15418 19952 14096 46790 61796 46116 13803 41147 19831 13028 37643 59914 37348 9850 26428 51485 36331 41858 38100 16900 30968 8095 38015 64416 19135 59773 21566 
36905 31264 10492 44833 58504 14153 59978 42648 46975 54688 60798 53952 37542 64421 43087 17425 56617 52968 44379 42162 13253 56827 39340 54690 8093 21110 8398 39304 30777 19008 52965 28737 30280 59508 60347 4126 3526 33064 14206 64897 
12180 15845 47354 13925 19676 50711 37859 41032 18092 1347 64213 39483 32975 37806 23908 45530 60892 30795 18400 33952 64484 50532 2993 53485 3685 41902 26191 2816 30132 5290 63647 47464 50689 53658 31093 8308 22716 49821 50475 7587 
46914 52023 1872 7534 65112 18109 34132 28526 3587 37501 13741 20735 23990 47803 41550 37285 7694 20539 22864 31394 33656 32925 15521 57762 34650 24061 21027 10468 6407 36055 31173 16255 58403 11222 23510 57804 54776 29059 12946 61064 
