60 60
47223 62699 56922 19765 61763 13422 13510 1866 702 37892 20374 61526 50134 23099 31246 24115 12655 50585 46443 43044 27406 53992 548 35220 18498 58568 15470 39472 4614 54080 25014 21043 22542 630 18414 31570 13713 24933 10408 26211 9845 44659 57599 38968 47825 4226 36590 56226 4831 8740 21435 32830 39194 22623 41471 34140 16714 64020 21286 23822 
18890 62443 60478 15306 38163 50962 57228 55703 44242 33336 6483 39648 56639 48479 55713 22769 189 41570 36539 60944 40079 5904 22068 57646 41803 3322 43816 7581 19845 51620 58079 61975 34805 44847 910 4400 58269 34471 34782 11921 64172 40593 1090 24468 43258 57192 15390 60683 30170 26532 16021 58655 671 44384 48564 40123 5332 33169 13410 8760 
53032 19614 23735 25651 16846 13513 31836 41504 61043 45779 48018 42408 21449 46743 12944 21282 6578 56128 41320 57348 32367 52860 39878 26654 43859 22412 6776 35077 59868 51787 8086 32044 7304 44446 60150 1510 55847 46093 3944 57043 38048 55041 12646 10177 31719 14795 45182 46687 27537 19225 62359 42533 44934 64792 7038 20294 37777 20906 54492 9055 
47276 22138 37035 13698 7000 36792 61613 16354 23625 20740 8450 36158 30027 60039 35618 59417 13455 2040 29191 3932 2902 32122 61901 64858 17595 51092 12245 44029 60437 11472 26902 22246 37441 27075 36158 10694 39072 15865 54844 52634 7033 30601 39900 15727 45231 34496 53617 21194 55966 32686 23395 21700 47045 54143 46071 17011 16012 20244 9153 3303 
20351 16282 6519 40474 19486 64884 19227 58587 1601 4140 21404 53684 19678 54637 35549 22732 55506 25374 12489 63997 64602 46935 9505 6636 39208 8728 4269 50749 54784 54879 34252 39027 61069 56798 2601 33548 4304 50123 33521 1196 8915 50723 3939 54102 7518 24898 59641 26757 4754 17700 55288 64686 36267 10476 4051 35584 36424 28313 17708 22220 
27121 53858 46994 52151 21937 28840 38158 36942 48864 24346 64782 50849 45242 31132 47626 5324 44970 5026 30700 15109 23192 14431 2790 139 4641 25649 54493 15070 58571 60294 22477 64994 62595 38342 58519 7997 25152 60428 57532 63683 60876 20200 18377 42786 54091 27909 28304 52732 22043 65419 49481 16402 48542 25765 7120 3697 48150 10890 34198 8261 
943 17993 25415 53765 40480 1570 6947 20753 3737 26950 36775 6759 33197 7768 21088 40560 31640 52666 25810 38655 9337 64591 24725 64626 55524 15629 43024 5701 59801 12603 54551 46467 42740 51039 12641 42742 5797 10347 40231 60308 13353 62395 15281 8114 10670 31566 56408 18982 61822 18850 37790 27224 14952 13757 26927 60587 24593 33093 51413 63647 
26352 53514 43954 48774 32091 50144 46392 12697 28574 18040 26851 42789 60457 6288 14483 57219 22386 43134 34217 46288 27350 49526 51460 59764 57376 7108 54756 65035 27658 45352 25550 2876 20013 12477 21547 51429 54478 58747 13635 18774 34145 45433 37110 10923 63652 19202 64529 33525 53860 56048 64106 65042 38921 7705 3047 42864 26602 62662 19773 22787 
13522 42080 34104 33427 56159 11230 64799 21174 57388 44540 64580 58906 34443 7883 598 17939 6021 42975 23000 43626 43546 5654 65488 12996 34932 18643 6000 59490 39078 24529 16339 62954 9232 45837 26748 30242 28761 27920 25992 3440 20595 5512 18728 49128 20573 17569 31898 42362 31038 47630 37293 24375 55087 30719 18169 44842 13874 39780 65106 53786 
16988 47663 60542 3262 36114 37645 25520 4331 59225 51444 29317 63242 4912 60587 22970 54591 56057 44352 62633 34407 45806 47715 62153 25941 12201 17389 18258 63710 12958 62335 17946 12507 12238 14629 59652 51439 15155 24497 3825 12517 20868 16102 61854 43726 25430 13640 7475 29329 41782 3988 30143 47299 10352 24481 49008 16194 35613 45099 37203 27544 
37481 42845 12312 9787 57018 62738 27391 56927 41610 36850 50135 11962 50452 55454 2700 15477 27430 39068 46735 30505 54698 758 261 56988 58374 43137 40703 63547 37778 36530 44983 61883 61311 9226 3776 7391 13451 6119 8941 19728 5892 31121 29974 11118 1470 13328 18084 830 14537 14545 1189 12313 22330 15701 49718 29644 44389 37423 12926 28374 
16724 53237 43267 10253 57358 14950 36112 49464 62768 7134 44262 28413 11124 16537 31697 50542 58128 39263 51818 58432 38853 21737 63212 21041 23910 7505 42989 59002 19792 29821 54545 52555 26006 46958 378 20390 53862 57191 22830 58145 6254 17459 20100 6835 2341 19874 4039 5856 5497 59864 18332 48220 51106 37828 56241 33923 57968 11138 55579 12469 
21281 57612 38614 62896 19008 59473 22888 37138 43613 56041 5182 40087 34393 47767 38366 51439 26210 31922 63052 47484 38432 39325 4995 50011 20334 46783 17260 41486 32188 17957 58475 15251 20098 4664 25545 25068 2811 52556 9034 42602 3699 54262 35107 61095 59713 64873 59847 18196 49811 12208 38728 20489 50411 26265 27455 11753 59002 40997 5006 19003 
23126 48830 47382 59571 40082 57178 36594 38752 8678 49503 13519 42417 7427 15337 4616 10523 27686 32622 50626 63883 50920 36848 58662 48394 31666 32841 33939 43122 37855 12940 21697 14388 58223 22598 2560 29804 18958 3016 45176 38357 43825 5557 37159 63252 22729 34987 38151 32445 24252 54777 58036 51654 59182 16513 14284 20934 3806 39812 56744 42332 
37760 50602 53530 2936 41293 61636 3698 25702 60078 23471 39950 16113 12399 47964 47961 34956 47743 60739 60589 40401 16191 18473 63632 51805 2122 52463 9013 48540 37161 19815 7762 62700 55732 16765 20035 9032 10899 48031 60129 31415 49744 26821 54240 34365 6550 28367 20146 46303 41602 52580 58176 60260 36622 43156 42155 53577 64788 2779 39628 39466 
39516 5178 13852 19492 16711 42648 4500 14723 44034 34694 50721 3345 59477 51558 16448 50862 19468 3465 33530 22227 59391 8302 60718 57729 20097 45432 59318 5566 18526 1366 49861 2848 44376 33820 44682 49012 22012 24923 16991 49223 47042 54017 53393 61723 11557 28213 59169 53339 34980 5486 58450 5033 5548 16652 4802 64723 41387 60167 52932 19441 
11820 41800 64385 6112 21826 33003 279 21063 41094 42313 21451 28405 6075 62531 36392 17496 61951 57396 59287 56543 19972 5847 9976 16899 26404 36253 53736 46667 18300 5077 63849 24294 11030 12780 31840 5223 27867 43050 18961 43610 39771 28412 32853 19332 19651 23251 39161 37226 54371 18258 48160 22415 28506 38022 17018 37946 38213 34284 41955 17899 
18075 45157 63924 5231 26667 48556 20099 56543 348 33703 54716 28279 53417 5121 37940 59319 38944 33344 25978 13521 62210 40041 57725 34324 46665 37910 44231 12333 3326 29085 44181 26403 11642 1454 44006 48699 19553 6764 41168 28053 13955 13586 11004 51875 23875 50475 52435 37382 2559 30866 18815 45974 54585 35299 54743 44805 58345 6326 28665 9539 
41164 43115 17026 35964 1994 7312 64551 49917 19205 14805 6578 46757 36321 7341 57003 26335 20750 18031 12612 35451 46183 58009 65509 20631 12307 45208 906 934 21671 52166 39737 57898 29152 42106 33350 26695 10972 28150 31375 63979 41030 16557 20146 7524 28565 13349 45564 59291 31471 48474 23208 23807 32750 32801 10783 29293 35666 11831 35723 4414 
40288 5248 12902 26740 32943 28460 52043 32245 7385 64401 13924 47022 41280 32104 62941 18153 62761 19238 17861 42726 506 39975 39850 36378 40831 32369 41050 1815 65259 45371 13785 64812 41127 31154 20217 5346 48037 55342 7771 46865 37651 20117 47859 55911 55003 5612 50829 40050 44357 61510 29771 22400 3011 57960 41145 49667 18691 1635 48052 64024 
12068 14079 24362 48826 54368 60264 43260 45749 9964 36266 54198 44099 16384 9311 37451 21001 30880 1405 23478 391 45044 46285 42126 9830 10025 37158 44444 41234 38305 12224 12407 8795 44597 40670 23532 57579 36549 50988 28713 23915 32722 48684 42593 52139 8145 30764 17821 56072 28041 7950 60447 25874 3694 16480 65042 36606 62183 20256 51166 13979 
27395 61450 63495 55961 11965 28479 19464 30378 64568 57077 62267 13691 57198 5277 28680 28903 37168 63858 17092 34448 45880 54651 12982 49589 27497 15573 23906 31685 37556 47307 54060 29418 22353 37466 25275 16459 36004 44965 51601 19446 54263 22166 47664 40911 47712 56380 40409 18462 29035 38395 12540 39180 38309 60780 39994 14275 12762 22347 34118 18483 
49789 11369 12442 41577 25137 47922 21988 35801 19526 48072 46607 60057 15049 60188 42758 60091 27686 4626 26922 61706 52424 47540 16182 34518 51959 62192 49424 39224 11331 59301 20787 58552 8087 28716 13030 46270 2321 23791 64779 57995 56722 25248 31180 55176 11915 25423 21070 31564 37673 34677 61405 55483 35089 14073 18117 59263 284 50723 46879 46247 
45054 20528 61802 63180 64185 14181 27221 63754 181 42321 16761 26634 53100 30529 4229 4037 54259 37776 57530 7918 58985 57303 14821 6451 52156 24164 62018 48148 6221 34757 46154 16549 51356 32297 10416 42044 220 18 40994 52863 37387 13579 64110 433 60854 43469 58387 35774 29484 7045 55101 4248 46749 40717 45441 13544 34966 50562 1567 28347 
38983 7820 25725 11205 6213 63884 37724 13173 27894 40163 49930 43631 33366 14790 15896 61097 65524 6886 48543 23856 31583 46122 59081 44530 38411 14751 59875 61064 15491 13201 47918 60478 6335 2130 41720 1036 25447 22729 7551 837 62614 33279 22545 49074 3314 45535 36274 7963 12253 27321 43379 24128 40168 6881 58578 4582 52637 43632 19212 7612 
42321 24767 3446 19383 34337 12527 38280 54464 56811 15181 40371 63305 64895 8760 19281 19208 25777 9025 58137 47203 19252 38874 64898 9288 20175 34581 35485 63883 972 7883 22246 39710 47590 28838 62940 10497 36449 13015 20603 9695 62929 42664 23169 51274 56876 31554 63072 177 32715 37970 950 49726 49326 9517 34924 54740 32818 10766 15591 27832 
42882 20894 65482 55328 19783 18129 31835 55743 64375 3211 28110 33525 51826 53285 14992 51734 15245 22813 11999 9465 30339 57131 50410 7299 48219 24651 17730 43840 60894 2719 62804 54674 62993 47680 37945 19201 32707 48170 25076 44911 22632 1531 11255 25173 5729 18086 50543 20327 10410 56190 15358 38100 19524 59568 12994 23953 33838 28235 36643 12748 
12278 53820 600 58667 56582 24019 32220 32053 42715 49185 1272 50178 13797 35932 11970 37639 10626 18440 26763 62936 40312 37522 693 24791 45391 50657 13905 19482 9098 35464 33012 5128 39876 43299 60492 24077 56315 30422 51731 15049 15712 10127 8222 46266 605 15584 43191 52158 13590 47298 20642 11390 41658 43930 36315 48876 31283 8469 29746 36780 
46159 11110 53029 61250 28105 44049 51268 16343 9934 43609 39017 62242 28386 62192 15951 56433 61987 43774 12668 3549 17655 15157 14500 17218 25280 28674 14605 34835 33380 60827 29638 8676 25424 54647 59296 46004 53837 38717 40924 57828 19510 45908 3877 16073 46200 5515 24158 47476 49578 39704 28767 20694 27755 39187 19621 42976 43903 11626 20696 52909 
51571 62169 48683 16020 7893 33917 16003 1399 23988 23224 46959 20332 8325 8555 9443 9313 62025 30878 49466 12336 19958 29931 18036 13104 53083 19769 47779 14975 15446 47399 29800 1397 56185 33529 26556 16299 32300 6328 6399 31951 1675 50696 51016 33053 6905 37788 63476 42540 17248 16515 20277 7002 8075 439 10560 43969 15447 36693 21906 26826 
33393 30019 64564 48762 24224 60012 58037 24038 41405 25974 60294 3831 26264 9497 45515 17184 22404 11192 54567 42108 12293 4999 13364 31387 54470 13467 64680 507 44581 46609 45257 57737 39774 19113 8178 56526 19085 27280 32567 27619 41837 3151 10381 20741 45091 26335 48354 17344 32799 39472 63088 1981 38125 44599 39693 50492 28543 56530 51939 30065 
21968 25733 44294 40130 36610 27197 4848 17080 60434 1695 43407 26790 52513 45412 13417 37986 59491 42657 24965 14254 16925 22245 24259 55613 62255 31940 22461 58385 10450 35302 53272 64808 1285 23589 31393 47754 38883 55667 22680 28167 64163 17807 10820 40763 61791 63478 49867 50685 63248 38126 12916 24139 47026 47979 54811 61357 26953 8783 21815 44607 
5975 6361 41046 51960 50213 65454 55445 27733 51574 64883 11699 1247 17681 48456 19998 57190 9620 761 62598 48801 32946 19094 17127 57076 4757 60838 63933 10824 25792 10358 36101 17725 44501 37403 52375 34558 21040 31591 48054 42234 41818 21556 64770 47203 30252 38844 20468 63772 21614 32577 10577 13200 2023 61855 62057 20031 42875 22941 45157 58119 
21326 7202 33798 23801 28938 928 43592 319 60266 44514 22920 2973 54493 34173 25020 48626 33137 1322 18410 17678 11517 38790 53170 50277 10065 40494 52894 12614 57359 16594 57840 60007 29871 61131 8661 51994 41448 38216 50370 46919 31870 16735 63968 49244 35763 20085 1455 35180 55044 48048 48939 9292 36373 56943 48205 8461 27680 56197 24419 61686 
41093 32057 16019 42619 49438 37707 35318 40217 15194 45224 28189 55204 9661 16387 549 37438 49670 27435 22760 35109 50651 22026 14024 28376 16642 16772 62124 46800 25467 59457 38446 6436 49133 19504 48804 48286 17961 3703 21409 51440 10973 7127 51997 32877 42402 16145 55594 52833 5381 30580 10004 38040 53240 61934 64342 35985 10476 43523 40774 42597 
23134 26820 53774 12667 36046 55470 55001 31520 50979 31912 54283 9466 24686 6292 40219 19176 2010 29671 60849 45964 63903 31771 12953 24628 38488 17282 34296 8036 11674 26301 58344 40806 8266 19505 48986 33639 35427 26624 36070 28534 33166 37780 28410 60088 63788 17297 38872 42656 55078 63604 36344 22306 63573 11914 27708 374 47083 40830 62588 14156 
23987 8109 38553 14258 15777 1855 47052 53318 45928 62920 60962 20846 61856 22674 3887 65032 48115 24443 50315 62636 44152 59493 23753 50556 45238 4289 33439 44958 12348 30102 7103 3195 60560 22039 4049 5729 63295 15896 7337 901 59634 29107 64054 48204 54267 673 61852 46309 48109 55152 7629 49800 42551 46754 32210 13182 23925 51996 51051 40290 
13248 25857 57286 38706 604 43737 27719 55198 30297 50892 27685 30916 11385 420 61093 39616 55052 40401 37330 42339 63356 18987 22717 48341 27413 38653 39562 34046 47927 12483 45053 39024 8788 51170 26250 28887 7714 53769 62535 60205 17538 57677 30044 1293 63713 54460 59767 20409 59209 65385 52541 41165 46913 26355 60143 35321 11878 54218 21682 5961 
29544 43314 16342 29720 37759 36678 31084 58011 52611 52522 54642 55425 37353 41254 12204 4060 46881 48617 6961 13025 26981 15810 19209 324 5640 7719 49517 48499 33440 58027 9872 50978 42438 22797 51536 64842 5452 47913 43297 16203 20049 7298 33181 4731 11695 34189 50996 25294 6462 9957 1991 23850 55517 28467 52523 54024 15479 60021 52473 39061 
17388 12312 39065 13745 61055 21515 49284 4586 35302 18090 4391 3671 19260 15813 48864 50405 17309 39832 3735 31341 55561 37914 62662 6961 45861 33733 52547 30491 9360 38670 21879 57871 25624 62987 26664 19713 16930 44307 48072 38259 29846 46824 62753 11219 43170 51697 47271 40370 55956 60034 41819 20506 33024 10469 34047 58679 52330 42581 4514 40449 
47259 23209 20385 55100 24233 7796 51058 64061 4982 12605 64820 37791 29102 38916 9684 34515 24023 10626 56646 32252 34143 18843 50650 1359 38031 11383 55101 48211 43604 41786 61075 49411 55095 52231 58966 34588 22518 27086 6330 50772 5048 38332 55219 25270 15449 48017 43589 58954 59243 46263 7464 59225 41008 39629 37092 26518 47616 63874 57842 5061 
7080 23944 22833 39395 55123 57697 64974 51732 12695 59672 15760 47489 63609 28913 60461 19343 33928 50368 28351 22163 51543 19175 47546 10268 569 52289 28342 64983 19452 32243 32947 33737 7998 40793 7382 43578 34707 55838 460 212 38017 61501 14557 48175 20640 42592 26691 33082 2877 19201 15831 43626 58419 35621 57034 12576 54187 45341 29656 47840 
4191 21105 43769 22500 59551 4584 5658 46264 54596 19192 12405 4082 27256 58529 13719 40170 2792 60190 6732 26919 52574 41885 17283 30428 5231 1992 4274 63239 24410 57303 22810 41236 26469 19984 63504 28827 43188 14147 17921 1220 22784 10470 51543 35183 48069 24495 57009 52119 37978 51578 1079 10352 8751 27790 27808 4482 19768 22096 29349 32310 
11635 8909 24953 43480 2667 12197 32129 10428 31247 10731 44449 47617 28851 45338 20380 25281 31687 41822 11277 59433 15996 25754 54968 47923 22141 22755 38984 9302 73 50457 47838 7733 60581 55312 54328 26286 29598 21310 28145 38825 49419 14777 60557 57353 21545 7968 6787 16000 17723 15231 5787 29984 55475 25571 59369 31081 56950 42645 33018 56331 
56355 48716 41598 55439 34903 52059 60791 41881 43520 5858 35656 37181 39284 13742 6189 6978 34124 4501 6522 45281 3597 42846 60045 13706 32173 37908 5341 49447 20201 46452 26197 2752 59338 12088 10522 64175 24922 22605 15730 24067 63268 18688 24804 58617 53381 47385 60076 51321 42564 61115 40903 24911 39341 57168 10274 40124 13783 17113 22859 12130 
52326 16426 542 1151 54822 14416 19394 40336 15101 24428 44088 61486 53518 5098 27216 15888 59541 44624 17050 47999 16693 22397 54101 64553 44898 40591 56093 62724 34956 36190 44935 35213 56567 9620 27053 32175 22529 32963 17574 50254 34240 10633 61189 16851 34460 30525 62441 45845 17047 38279 1349 7382 53327 53936 33310 32193 58797 12999 59383 55163 
38289 5913 53417 11872 16192 16251 20201 51182 25776 58295 9353 3393 55837 6298 45375 15231 11813 2074 55074 9590 44487 35122 29512 34262 16942 43691 16076 49118 32576 63585 10581 25167 4350 4203 42377 9160 30010 48836 21164 34139 43908 4222 16567 64733 39614 8701 63091 15837 44759 64448 1065 27630 318 38202 16734 11710 23954 43185 30845 50680 
26769 43141 6117 18006 57065 56817 65354 61110 25236 25994 49521 25462 36816 13561 976 12157 28010 41780 27274 10079 38326 38658 1374 18148 19671 35816 8049 2694 21027 3371 2571 7544 16878 22869 16863 36229 59051 19805 57187 9853 64281 2922 5534 62603 28409 63218 40762 56526 39099 43452 52524 3169 63939 36223 25393 22217 28619 15640 38924 24415 
62152 43293 58420 44541 14737 31452 183 1318 1599 26543 50100 59952 9 44755 11629 5013 37143 33038 23686 27430 43398 50979 7317 36471 23619 54534 32374 59682 34963 54760 64062 48692 7053 41511 25728 23954 59028 14931 16758 9700 46505 55382 19975 14895 58223 38997 3675 37136 17073 57238 52786 37722 15363 25737 41421 17136 922 41726 25594 9503 
52291 46082 11310 20325 29115 23426 38026 53457 33157 25773 36990 64236 48849 13532 15284 43571 36209 37850 37641 23233 10128 20971 4687 7375 10857 10973 26757 55239 49256 10702 51278 64944 53094 15444 4279 37143 55817 1304 27576 63671 53989 36855 57863 64318 20336 31186 22459 23468 14586 42384 7457 64667 25940 45416 1532 24662 31540 49710 41167 309 
20021 50955 52252 13123 37614 40421 44634 27678 49789 27602 923 2354 22407 15043 34907 46101 15534 48495 48886 21619 12829 29527 3232 19411 55771 20201 53144 2642 48723 664 30823 56294 21610 42506 48416 43309 27250 53333 16912 5899 37466 40612 54928 39189 4277 63351 60047 19293 5027 4699 57547 27644 4116 61737 62527 64517 35608 21113 48348 42260 
54753 15252 65217 50319 5404 39093 1144 36121 56349 5668 16054 4496 47796 56765 56906 821 56424 54943 8476 25131 55354 47131 58109 130 10959 49797 44868 38843 29541 10832 34282 46542 48721 26212 60111 6602 60028 56623 30206 1596 28281 37551 34562 64830 17445 32143 42319 25060 32934 2244 42694 37183 24818 3384 51843 28776 35577 10795 46321 56637 
2460 38384 25188 25311 39152 58866 4259 5298 62962 16353 6384 44007 21636 25212 516 63914 50033 3532 2158 25887 28264 11859 21589 61450 30639 60911 45230 8271 61480 3446 37257 11936 7305 62306 62382 10699 7476 22295 19620 3385 17141 22945 20842 26241 45073 27399 37025 59948 59715 13310 21314 24886 20647 19668 10494 1493 5754 44223 61285 7831 
28335 4161 21571 59257 40522 62496 11813 48165 30666 57795 33009 64566 40423 35726 49523 43085 23689 56907 25546 13931 15156 4535 51356 55308 13230 32844 12045 19827 50587 12698 16035 37476 60936 57564 6146 26502 44683 30519 23525 45568 34739 53625 17242 22178 64007 13566 7358 15969 30172 57814 2496 35029 863 59732 9426 3617 50337 6120 25996 34249 
16772 64587 19351 33199 62208 52906 20944 5574 13225 8832 60493 30652 42124 15359 435 57342 52592 32031 32278 44799 49371 38541 49218 19363 41190 11966 59400 6207 60027 53361 26899 10838 12112 7779 63144 33194 62872 3569 21404 64191 26634 11038 56508 16896 49059 86 6513 40769 21064 4297 15094 30012 43830 15885 13906 25299 25594 36228 53602 5926 
38326 57023 61824 35009 63216 24037 10552 22840 38063 59246 25041 3422 22228 28809 11766 64175 31178 55320 28231 25347 15153 42627 26847 56799 56749 22307 10520 48111 22910 18864 54344 29402 9943 50231 33688 33294 27549 23302 49407 56839 17963 20354 32734 55515 21675 18679 51634 15226 12827 43580 63218 2978 4899 64683 54710 63717 8304 51333 59414 29391 
30069 58652 47273 8887 43419 4874 15338 63261 58459 11780 52531 64683 51258 22372 29295 27784 61126 32715 26240 9919 1232 47080 47650 24950 59273 13043 52646 36797 6288 41486 19270 40415 4809 46125 45802 38382 28049 64810 4527 19126 24298 65519 27105 44308 10095 11890 58100 33229 53107 47817 41257 37209 26318 32516 23083 33860 47630 40107 14693 10344 
43732 26068 64835 21360 36746 24441 27073 45209 56641 22494 25630 14054 57867 5319 38842 4624 45949 27983 16365 53508 41140 38135 14320 19133 6249 11760 11983 54494 31614 25279 50592 52048 48351 28686 22871 55563 13912 58356 25576 2245 44955 34576 29510 15507 25267 11170 41728 18706 13328 32120 18264 46821 1952 25695 36724 16891 32352 1062 6760 55965 
37241 27787 18050 50506 58638 50447 30785 44625 44287 31 46890 37132 55037 16439 34675 40531 48406 31716 16118 6341 22360 35171 4120 50769 15259 33592 29460 18264 52363 58337 3878 38819 17903 65236 17970 46584 24087 64844 40149 60061 58133 36216 64223 5459 26824 19522 7530 24544 52598 4595 3224 27859 6479 16175 61918 35582 56215 27165 55452 52658 
40867 6413 57311 41006 23028 771 55820 2408 7652 775 7464 2849 36349 20052 25894 7110 40078 1626 3092 28744 33225 808 937 45177 16833 30154 8982 10665 63180 8068 27686 55192 39849 48930 39465 56469 10034 55675 39175 38593 41570 4069 63823 21782 30422 56752 42585 38859 3643 23109 13269 13294 25720 53269 39159 7042 22931 49014 23976 517 
