20 20
52093 15087 54601 42269 12444 54720 1153 13718 63948 17974 34141 65255 2311 5370 27057 14642 16829 40073 20982 57360 
35040 55398 2068 52482 63289 3235 65082 64748 62422 37784 47534 37301 17494 6147 6189 28301 52011 19157 58997 21706 
45863 36574 31279 35922 34216 15161 1134 20489 53159 7188 40755 33538 47002 45205 3504 27114 16786 23689 5176 26660 
33162 24975 11385 23655 46316 55475 908 52973 32918 8387 9545 30546 46660 31294 65299 40312 978 9408 53947 11768 
18924 58850 28092 18536 59080 2697 351 58229 52628 1738 7311 35595 63022 9234 42532 19639 34931 26564 57106 20445 
32888 60557 8335 51026 17410 41725 51225 46033 32855 38393 8247 62762 39117 15444 57185 23556 57885 28062 44296 29227 
29653 38340 44777 35854 38234 4421 46500 2300 20222 51698 24970 7880 30725 60910 21922 34947 8961 7396 58381 35311 
16054 33466 12296 2882 50231 11739 28972 56255 31674 27338 49395 10462 56252 62880 44749 51642 14395 57612 136 49518 
38738 892 15196 45245 60364 27065 31457 2326 63495 13640 29741 47528 59199 39230 16656 34020 48659 15207 10910 53185 
25811 11846 20300 6082 48092 55709 7586 6517 64049 28540 54530 1094 35527 48873 1938 29084 8708 29419 57371 42185 
11760 10196 31479 40716 5816 28293 48401 29398 17435 50293 33770 56778 26953 375 44989 26383 9418 36070 46492 41397 
7429 30325 39304 62185 39545 39200 36329 38735 16057 11089 61658 43336 29014 3677 33842 39128 55545 28657 48890 55524 
55297 2437 46303 49728 44016 64036 22212 18692 16980 51429 13298 15592 53153 3438 13001 5841 2420 761 58216 21340 
4215 15308 19490 9885 9889 17522 51605 60244 3309 42043 590 55081 4737 57831 41321 10543 38511 2322 35106 55735 
51100 38101 55242 53129 33625 38785 46464 52211 44293 65444 31398 26564 53709 24261 38355 52126 33737 43889 62424 57953 
16307 63830 25924 12134 31693 26778 40181 26157 1091 2071 17240 10813 53525 43490 24346 1987 31829 9617 59612 30654 
46582 57386 24835 12905 55213 59422 41626 29183 22480 49564 35032 45169 7860 1787 55233 22643 28551 33734 28141 30905 
54038 19476 35984 63131 30817 7506 14424 60278 16220 10378 38028 13992 45409 60093 53312 38600 48856 57650 41848 27457 
59166 54367 14192 50109 36499 314 50770 44551 29101 34421 26236 63380 36295 38598 49874 33432 21850 10913 48350 23187 
40193 44857 10666 13774 36313 32043 63609 31321 24769 15566 47986 35225 31892 42176 49453 9133 58672 18917 64175 2331 
