50 50
42961 22074 35939 23603 23698 44999 43558 56714 27848 10235 39955 26867 34039 50949 62849 64779 46765 29528 41650 8117 958 40785 60602 59954 23720 25249 20769 50614 14596 4879 34032 3470 52723 49880 7488 53713 18155 2781 49375 27209 1492 49859 39742 8073 63800 21000 63055 36533 62195 1860 
60663 6880 20839 27537 11008 17193 57918 62345 62275 9108 50091 35294 54576 51320 22943 61505 25789 40427 59258 41001 40837 4829 53984 28256 63689 2894 48763 23705 61696 5540 38354 1188 5868 65390 29390 14329 40448 54280 65031 61651 50782 15135 18430 61841 51097 59298 45329 36922 17345 3085 
22713 19018 30187 16766 57012 45486 26050 30205 50920 33899 29649 55757 19971 7082 25008 57294 21738 62611 33801 61223 61524 38586 63839 19475 44667 54773 2987 23447 24389 41425 53412 6843 35327 61896 57356 55288 56121 14815 65259 50709 38928 50735 47253 43471 2509 61772 44679 14227 33370 63520 
4469 55089 13390 28886 52617 25216 51170 47358 22681 53307 10992 44284 36156 12112 51135 23352 22132 49690 23664 20239 2646 16359 37079 49876 14759 33606 21352 38447 5919 25569 12748 43474 18299 19234 7794 33465 1212 33762 41491 15271 1990 12791 13840 25662 45012 23436 5787 3282 65238 9674 
61677 50998 16515 12765 31116 60996 4142 26568 54805 55808 258 62669 47252 12019 27590 36690 9112 44118 22780 62529 44449 1798 37232 2003 40552 20729 2931 40546 64001 58230 42536 15246 25467 21804 9519 56640 33595 62724 40606 58728 48119 52817 37661 31565 32120 37456 33185 30331 38667 5920 
58377 29146 23058 29604 39759 23097 34967 10661 54386 55676 27116 5396 14297 49260 35584 13148 31280 25591 5806 23449 58653 13020 24651 11370 64397 13743 34298 8018 63330 60698 44654 45985 18541 3670 21345 38288 20909 46638 40184 63671 7927 19993 25277 53029 37840 25805 56115 6636 21839 61922 
41319 12453 32438 39765 12557 29291 29349 48484 24551 53235 25039 51807 11440 24803 16750 47793 45784 5434 35671 2389 723 47619 11711 54810 49725 24382 62431 42470 45302 18750 44640 12225 11128 41727 45304 48340 42637 4961 26571 25240 28382 35439 30959 50101 58420 47067 15856 33836 6202 10781 
56098 27345 17398 7128 52067 25743 13670 10650 13210 47031 33120 56522 52105 48550 6379 40402 11386 59103 11826 64695 1179 11410 34216 65500 10474 62494 11884 6425 6824 15931 52134 29182 5383 22154 16933 7238 44070 41840 63724 35951 17084 51868 8724 25943 6454 46185 44551 37252 62028 2170 
26101 19770 37978 7438 10581 28498 10531 54343 57679 39253 64273 13658 10254 59142 23307 19042 10037 39604 28534 40363 13719 40809 47453 47078 33364 57036 46451 9194 42618 34789 24997 31932 2776 38373 49737 31521 36111 38925 46765 58525 63774 27349 58079 58242 54902 32780 48728 44439 152 56475 
57059 32451 1067 21409 64099 59640 27759 11176 40354 42066 45807 47880 30527 2074 28218 17623 12271 12326 22975 58402 27395 19207 14249 14186 57790 52780 60918 54881 14896 25831 18970 48261 26555 46985 1720 63865 27596 44470 5116 46602 58599 6232 57012 64506 17289 10568 32796 43130 24020 50273 
18453 17387 10307 32386 20896 31056 42928 43410 49386 35148 7611 31094 38751 19425 7676 36843 62258 8497 52622 33677 2251 63163 45834 23811 2595 50557 31401 44417 21315 27030 13210 63114 35048 6353 20307 41978 60221 57480 36979 8636 57301 13604 54419 8480 61150 52314 22437 16159 8187 7570 
14377 8545 56965 1407 41401 13740 31044 55996 25751 34305 59965 14038 7277 56472 19210 24198 19417 22000 57991 58469 721 33580 9106 59003 44267 27072 4591 44088 30629 46987 16787 33024 15460 40455 45136 5447 11056 49838 35344 20981 33082 11991 25977 43670 3392 46997 22704 29886 35341 65460 
48782 22384 3537 4920 8548 42211 63159 1836 33961 50765 44107 55484 35286 53058 15031 7218 65465 36574 48828 39400 56334 35251 20811 35887 14112 37463 40819 18322 51754 49671 32173 61155 32088 10920 40992 31115 56687 32796 31803 16712 128 49502 50337 63793 43400 53069 61876 8640 64560 9067 
38765 54464 9568 9069 4700 38971 6432 55607 38744 45549 34294 13002 14008 38746 6629 24652 50192 28202 61026 44643 34089 40250 45295 22493 54767 53566 30601 22202 40176 56339 39619 22496 13056 42343 33158 27647 17992 58317 43813 18416 56395 38970 52543 53266 17502 3380 39146 61053 34421 59991 
10961 37182 2150 45499 45324 15067 37392 50685 57673 38941 43897 49718 57822 35361 33773 42874 19924 13029 43291 40941 6257 3722 23146 51689 48256 23792 22581 2174 34580 35442 35289 25497 58437 42733 46983 19723 63477 59670 39086 44259 58668 49253 55665 26846 58225 41343 43462 38712 41336 7578 
30769 48512 23357 61936 51908 30827 32870 22068 54723 31443 59203 10334 23988 38257 16790 30263 63348 55465 9483 60262 48363 16942 63359 12577 54324 62639 27292 31733 16894 9445 58287 18422 26368 43528 10855 38312 45870 59578 48864 45497 48297 50032 60893 46437 48631 49556 52279 37578 10010 9217 
47872 33336 58904 41143 46653 14947 44441 3926 51299 440 6459 4559 22993 39833 46476 36646 51121 53004 38415 61222 55984 11212 63723 38112 49321 53047 36999 9148 61723 16987 55374 21359 38206 24867 4936 56327 34310 16455 57190 7424 46954 1234 1320 26138 36374 61480 58705 21040 2384 32020 
53323 4019 62804 63092 49594 28258 31988 32965 24241 36329 19347 14721 46392 21222 428 58015 3373 19641 32499 15175 27472 41810 24530 4121 3052 41562 16916 58789 12848 45548 7975 7575 55897 6006 40674 33191 2077 21065 38860 43981 12717 1923 43751 25955 26364 6913 5290 49048 35725 30482 
32132 51073 57156 63280 14571 34346 18426 35306 49847 40225 452 50584 39562 50440 7445 14920 2946 2658 64756 29236 4488 17565 61775 8227 62024 34623 28514 10413 52370 35347 10753 31514 5432 28119 53145 3355 46576 62295 19926 19668 3733 37014 22372 46348 55854 5086 16140 23095 27873 2317 
56547 33067 59506 11207 48569 48158 59151 19028 26677 36770 47577 28539 31775 34733 19338 21586 45062 19405 25880 9431 65121 39163 25445 49205 44181 21596 13465 52147 11101 13675 16863 13147 52825 32956 34668 16244 13149 49554 55408 42386 51178 39456 24214 616 64463 53391 57977 21982 15991 295 
25555 65136 52135 38419 29420 44478 20598 60607 63188 15319 7249 11239 35286 58430 64238 59584 14787 42866 23468 32753 52538 63537 7526 48642 53285 64543 3678 32541 19404 35507 15132 52784 2838 14838 29309 17982 45822 47976 57682 50756 2642 59547 22364 15196 34257 38678 22077 39301 39860 31052 
63979 13702 10154 15617 23844 44049 48513 4695 6430 7182 9147 29067 64102 2112 6099 26945 57263 55162 12632 40290 36637 37605 37899 21748 51397 35766 13355 45758 59806 48239 17862 22249 40513 37843 36336 56577 29810 39698 54159 59078 3659 63063 8974 29957 36426 13294 25956 27693 19770 60620 
19766 51385 35970 62654 8663 11191 39599 54504 16528 30742 62263 1822 20731 18300 31938 50496 15563 7828 21790 40535 10370 31886 58266 40530 49758 30211 40187 6317 24987 43812 206 6268 42312 366 16554 62898 14171 426 60582 4413 37279 25302 38390 18203 26972 7474 33677 37264 52122 45772 
18318 53133 13324 19472 55063 17748 60679 27322 65341 8709 55985 37582 63554 43518 56192 16101 44295 13713 14974 49902 60104 47702 36991 33013 49515 9521 29271 48183 340 2559 61344 36743 12148 605 37658 53943 48127 1026 42235 49568 64471 58057 38156 6968 33358 1281 52515 41531 32655 1674 
33797 39159 63143 26790 53226 37923 43247 39554 14973 30508 23499 20503 25108 40332 49202 43673 56657 21618 35088 27100 33277 64167 46112 25671 28027 32350 48245 23117 62278 45750 21808 55646 4777 43865 64629 49726 22752 64607 18339 56770 63970 29489 61050 3158 41775 51918 6665 54340 40298 18025 
39483 52627 18367 21881 64333 57384 34219 57546 42980 46747 24229 9694 28127 22130 11447 18488 9831 64995 39472 59677 42909 55403 32769 32156 61270 1328 23133 55137 55707 44831 9452 43387 47677 36341 49571 28266 8860 22882 3513 53024 39260 33798 57 49205 28754 29351 782 23117 62668 49098 
4189 48380 37145 24359 53779 7275 416 3938 30659 42672 9155 1031 23043 40048 39653 699 7486 49038 46263 53962 9945 52270 59407 16897 13051 38470 7144 55005 60307 63684 19508 43122 10200 61762 7045 14493 13361 8389 49032 30114 15493 33246 32044 56665 58004 51709 38568 24423 11631 14119 
62663 34066 16097 36365 29350 42459 44033 54654 16910 30322 51192 6583 60849 51660 60292 19706 24165 40858 34991 60595 42718 41857 25948 34094 44339 55843 17408 4289 53400 45159 44062 39936 53492 31428 45780 15787 26028 54117 56437 16214 21720 51786 64725 13000 24348 37721 59273 21275 6701 10233 
45138 54960 62615 5378 13508 44752 21321 62345 472 36587 54327 56879 50125 9143 59398 25866 38563 4477 3023 41303 9285 45818 59459 32272 43495 50526 52559 41364 46577 31330 11880 22310 63381 37469 60045 57269 43715 61355 27131 16074 28168 53601 49015 59993 37841 64752 24164 23070 12478 18598 
35319 6296 23288 7986 59286 49292 13035 61322 4916 33462 16759 9053 62483 52653 60453 16851 2186 12790 19876 53491 65365 59765 14703 2168 46431 43783 3113 147 50582 64481 44945 12214 19726 19312 6120 19839 63587 23492 15563 53164 49025 53673 51586 31491 54918 43187 45978 3237 52152 60701 
173 30539 5959 44442 59188 31598 46891 30167 59929 18556 40566 13245 61680 17740 4634 26073 33405 7293 30782 38099 63897 14536 33061 24866 24074 45526 4632 64320 56189 422 5516 23499 16127 4333 19637 21595 65118 43001 6915 54197 12916 56514 58652 45530 3856 9656 22214 46357 22670 60672 
5830 33615 59364 58470 43378 58958 15912 43471 23879 10482 34931 64646 22776 8241 37178 47093 31737 58743 12092 50932 14895 41766 21855 42165 62656 49463 32290 32517 38993 47125 30179 37901 65217 25137 59651 7879 33194 26062 36193 38569 7174 51009 63958 21724 4689 64516 18361 46611 53805 29767 
24379 18988 31224 50270 32347 18434 40986 23671 22180 10099 25873 24414 28977 10613 52979 33043 63039 44994 35792 7580 30023 11858 27772 38246 34869 23770 34835 38404 19858 56529 52046 24523 65115 50602 42168 57041 51084 45372 26354 49801 13818 57671 11466 15802 63425 31380 42640 44061 19840 5773 
44539 42835 519 37916 44388 16481 60126 40050 17659 42851 9631 22259 46038 15173 63799 7248 44062 13375 22907 59206 12315 25529 29473 7290 9300 65208 41123 54253 58267 45601 33279 52532 65235 22789 55585 56632 55782 62962 43996 48027 33154 61038 46570 41707 17801 46549 64604 57471 42697 8384 
57587 57169 30932 42561 39087 35337 60657 14161 18399 35405 52560 35831 52907 20781 38976 2706 19709 31704 26256 47751 59955 43888 17947 64179 56877 20447 22827 37307 35007 56470 17223 39312 63754 1715 53055 28854 2778 3420 23661 53459 16997 18129 15588 8944 22861 56643 58792 38078 60650 35534 
62762 33032 4617 28666 12246 40810 57728 52258 23560 18811 33153 7139 64814 64682 45011 2754 30470 24705 35062 61169 35134 28105 23323 41737 22262 39684 4563 20721 28117 57103 8574 58954 64185 46289 13971 31925 33935 33320 28460 11729 11308 39083 48219 27410 2907 2057 7395 21689 57614 33081 
7657 59898 33312 58491 47168 33759 58630 48537 55548 57877 283 9770 5858 52186 8458 59875 6679 34417 35500 14512 30354 48892 50712 24696 3755 16732 13366 33804 25471 24774 37436 24561 3540 25934 46636 64778 62928 53565 22365 58450 42919 58000 4433 54578 59313 20779 4453 2227 25394 29869 
2743 27229 13945 48036 60691 42771 41668 17518 33685 43593 980 62992 20232 22995 2188 25338 63173 38392 26633 35522 50157 16785 363 64993 22299 26624 22815 6465 11203 576 45295 11535 19950 41673 55223 20667 54835 60338 10448 54181 38336 2117 65408 40514 7042 31422 55542 21567 60545 7948 
14501 50198 20679 41743 16102 14612 62923 54731 1526 16115 41991 4261 50994 7066 40964 39645 60792 9928 38997 24436 61036 31694 3445 16597 43068 31041 28688 19877 49305 7615 56323 10956 10162 56274 48558 35464 65401 48108 14798 36821 35944 26866 62890 22735 44402 25990 54689 30153 37607 35428 
7737 15788 61757 62289 18334 12620 30058 39374 57682 51866 59739 21262 45468 3169 55350 58516 41552 1960 41884 52025 52328 16417 45447 55763 17942 18840 32952 29017 2160 50305 48516 27934 45689 40914 59483 4137 60402 5077 4447 53379 17349 61298 3417 30767 8644 24013 40943 31618 45359 27486 
47513 60926 35678 62886 52204 16182 17617 61789 3051 49353 56229 59586 50524 13600 64593 27924 4599 54036 49564 34793 62562 45932 53751 33816 3439 15824 61340 61476 21163 39505 37986 25419 13762 61993 63387 3378 60401 8210 36435 5455 18264 58830 27729 54132 23410 11160 26281 28557 21676 18754 
7632 18093 10937 29204 42876 52196 13755 152 11044 33663 29133 26374 57899 598 10492 2797 19581 44186 25039 48883 50142 1072 7168 63141 1144 62775 50944 53040 52301 48886 38692 26590 34782 28560 34792 49229 15071 55231 42848 30187 8869 5929 29158 13501 38307 61362 13071 56730 38818 47599 
33441 38345 35633 22944 59028 40322 62301 28494 1736 61020 58616 26207 36720 38430 16868 46821 44985 59777 37521 49207 46417 20455 34975 51421 35914 47419 19038 29321 52741 24815 48997 41127 50585 41996 12209 58026 64718 61091 54843 400 16209 56996 26239 64734 31255 34607 27669 63092 39091 60200 
33413 49401 19146 50436 51923 14057 22969 38823 48723 11364 1162 56037 6784 62122 65416 51988 41202 33066 19116 3368 30921 62070 10082 1298 5790 32831 58731 48232 22541 13708 39812 4710 62444 24861 45562 50576 8256 39594 58754 4826 64142 60719 15397 25870 14560 25513 25987 13570 32016 33196 
52280 15645 27985 65452 43681 18646 28682 63614 20697 35829 57757 47423 63184 44023 27698 29357 33354 8448 7994 2137 39276 43783 45711 26020 37282 28118 23373 8657 43283 29942 59035 11728 38212 24878 26516 61211 31780 21985 45044 15218 11438 62175 41081 54993 27980 4574 23170 26564 15912 29174 
38097 65358 32783 23065 5961 20106 64979 27783 47837 31092 42835 16196 3953 60253 3113 59988 9946 57218 4172 46569 12997 58437 61955 37571 62663 40486 28440 47621 36961 29634 40803 9944 25134 55769 19162 23041 26112 46421 62175 59898 53226 25027 58356 21834 40946 3977 0 24813 47282 65520 
22045 15135 33486 28928 14478 40435 44855 16464 41537 22430 23038 52918 17144 58921 64614 51869 1953 21200 7389 25750 43474 8466 36140 26165 34118 2068 21989 24525 35923 17363 47302 25632 13232 26845 59591 19546 51925 40255 16976 59748 49570 54944 40797 8263 13676 39710 45929 30695 63153 56039 
18418 42119 55929 20447 63931 5584 47059 37241 54950 26038 32442 42977 30918 26693 44654 6078 61200 44826 45091 33887 55796 24553 10673 42500 62952 35848 5425 37155 11825 43889 64898 15330 62292 56357 5866 17410 23041 60893 22610 38511 45634 6969 44615 22497 40699 11439 3838 36365 14722 61867 
55075 34855 41544 31796 21310 28344 59033 33539 46633 24494 754 12807 58392 617 17224 42132 8906 39631 17525 35280 48985 36976 39058 45505 25253 8697 61018 14977 57398 24145 53177 62188 15650 8176 43740 15429 63701 65063 13518 62848 64195 25020 52597 11976 21927 61571 19497 28362 56394 22101 
50097 13221 46399 8732 51967 38688 28052 50849 32962 36992 44207 14152 36712 9385 13360 24132 25154 46511 29482 32620 841 63926 64786 55878 45235 13843 39293 9583 28395 44703 64997 52877 28545 12261 20427 29610 17581 36296 1549 20966 54326 6795 64194 44390 54501 30426 29412 47112 873 1643 
