10 10
12331 41694 55934 24721 57061 36331 42395 25061 64775 63590 
47641 30659 26319 17497 36754 47085 57219 36789 1191 39856 
20987 55030 52867 18372 15124 46228 56875 14379 38473 14872 
63244 23365 48488 10695 16726 28103 65497 64237 19604 27199 
46187 60150 37476 19482 22721 46533 54736 44464 49770 38464 
14653 50603 39678 23143 57845 41968 7210 25694 22885 3337 
33499 18585 13286 15379 21224 382 24482 57999 47217 10847 
27215 57309 49458 13920 11094 64163 21196 50883 59103 26733 
51868 59424 11782 44058 10202 16912 42926 21382 24160 11258 
44684 23660 49746 59183 8228 25461 57714 17830 60670 50505 
